DATE,OPEN,HIGH,LOW,CLOSE,LTP,52WEEK_HIGH_PRICE,52WEEK_LOW_PRICE,TOT_TRADED_QTY,TOT_TRADED_VAL,TOTAL_TRADES,VWAP,SERIES
27-10-2010,75.15,112.5,75.15,81.65,80.0,112.5,75.15,51758463,5033633190.9,,97.25,EQ
28-10-2010,80.8,92.2,76.5,82.9,83.0,112.5,75.15,29117969,2474412207.85,,84.98,EQ
29-10-2010,83.65,86.3,76.0,77.8,76.2,112.5,75.15,6397254,516423861.15,,80.73,EQ
01-11-2010,78.65,81.0,74.35,75.05,74.75,112.5,74.35,2613139,202291609.8,,77.41,EQ
02-11-2010,75.3,78.0,73.2,74.25,73.7,112.5,73.2,3040263,229400008.45,,75.45,EQ
03-11-2010,75.25,76.4,72.1,72.5,72.25,112.5,72.1,1047630,77501823.4,,73.98,EQ
04-11-2010,73.0,82.7,70.0,79.25,78.7,112.5,70.0,7163943,565954697.95,,79.0,EQ
05-11-2010,75.7,81.65,75.7,80.15,79.75,112.5,70.0,397206,31946769.5,,80.43,EQ
08-11-2010,81.0,81.3,76.0,78.2,77.9,112.5,70.0,922821,72816035.25,,78.91,EQ
09-11-2010,78.4,80.1,76.5,77.2,76.75,112.5,70.0,556045,43651025.85,,78.5,EQ
10-11-2010,77.5,78.45,75.25,75.5,75.3,112.5,70.0,355243,27183924.1,,76.52,EQ
11-11-2010,76.1,78.3,73.85,74.75,74.2,112.5,70.0,610457,46416155.9,,76.04,EQ
12-11-2010,73.0,75.45,71.1,71.65,71.4,112.5,70.0,321240,23497310.55,,73.15,EQ
15-11-2010,72.0,73.5,70.15,70.9,71.05,112.5,70.0,299905,21530287.45,,71.79,EQ
16-11-2010,71.5,71.7,64.3,65.15,64.85,112.5,64.3,357950,24265482.4,,67.79,EQ
18-11-2010,65.7,73.0,61.05,61.9,61.95,112.5,61.05,277911,17671356.2,,63.59,EQ
19-11-2010,62.4,63.5,56.75,58.7,57.0,112.5,56.75,391706,23837495.55,,60.86,EQ
22-11-2010,59.5,60.7,57.65,58.2,58.2,112.5,56.75,238820,14130483.4,,59.17,EQ
23-11-2010,58.0,58.0,52.85,53.45,53.3,112.5,52.85,330381,18164303.65,,54.98,EQ
24-11-2010,53.9,54.1,49.0,49.6,49.6,112.5,49.0,305746,15824856.2,,51.76,EQ
25-11-2010,50.0,56.15,46.55,51.8,52.1,112.5,46.55,965554,50872716.5,,52.69,EQ
26-11-2010,52.3,53.4,43.2,43.85,43.5,112.5,43.2,560006,26301435.45,,46.97,EQ
29-11-2010,44.1,45.0,40.35,41.95,42.3,112.5,40.35,253707,10777590.8,,42.48,EQ
30-11-2010,41.1,46.15,40.75,44.8,44.7,112.5,40.35,566574,25214829.2,,44.5,EQ
01-12-2010,45.0,49.3,44.0,49.3,49.3,112.5,40.35,361885,17475217.3,,48.29,EQ
02-12-2010,53.8,53.8,49.8,50.3,50.0,112.5,40.35,359340,18560805.85,,51.65,EQ
03-12-2010,50.5,50.75,45.55,45.75,45.6,112.5,40.35,283182,13213334.9,,46.66,EQ
06-12-2010,46.05,46.7,43.55,44.0,44.2,112.5,40.35,115567,5152437.35,,44.58,EQ
07-12-2010,44.25,44.7,39.6,39.6,39.6,112.5,39.6,286811,11606133.9,,40.47,EQ
08-12-2010,39.6,39.6,35.65,35.95,35.85,112.5,35.65,301180,11161394.6,,37.06,EQ
09-12-2010,36.5,37.0,34.15,34.15,34.15,112.5,34.15,110263,3807007.4,,34.53,EQ
10-12-2010,32.45,33.95,32.45,32.45,32.45,112.5,32.45,195057,6332877.15,,32.47,EQ
13-12-2010,30.85,33.9,30.85,31.3,31.1,112.5,30.85,168543,5397253.7,,32.02,EQ
14-12-2010,31.3,32.9,31.0,32.9,32.9,112.5,30.85,226396,7327602.75,,32.37,EQ
15-12-2010,33.8,34.3,33.1,33.35,33.25,112.5,30.85,107958,3646050.6,,33.77,EQ
16-12-2010,33.0,33.4,31.75,32.05,31.95,112.5,30.85,60577,1961802.95,,32.39,EQ
20-12-2010,32.0,33.35,31.2,32.6,32.7,112.5,30.85,89322,2905811.3,,32.53,EQ
21-12-2010,32.7,33.9,31.6,31.9,31.65,112.5,30.85,42198,1359440.45,,32.22,EQ
22-12-2010,31.6,32.0,30.6,31.15,31.1,112.5,30.6,41814,1310589.6,,31.34,EQ
23-12-2010,31.1,31.8,29.65,30.35,30.5,112.5,29.65,44997,1383699.65,,30.75,EQ
24-12-2010,30.3,31.9,29.7,30.8,31.0,112.5,29.65,137030,4246617.5,,30.99,EQ
27-12-2010,31.7,32.2,31.0,31.35,31.45,112.5,29.65,49328,1558455.5,,31.59,EQ
28-12-2010,31.3,31.7,29.9,30.1,30.1,112.5,29.65,61067,1864332.05,,30.53,EQ
29-12-2010,30.5,31.4,30.15,30.45,30.75,112.5,29.65,56564,1739846.05,,30.76,EQ
30-12-2010,30.55,31.5,30.5,30.8,30.8,112.5,29.65,109288,3393818.75,,31.05,EQ
31-12-2010,30.95,31.1,30.6,30.7,30.6,112.5,29.65,42975,1322188.9,,30.77,EQ
03-01-2011,31.4,32.25,30.75,31.2,31.35,112.5,29.65,49199,1535630.9,,31.21,EQ
04-01-2011,31.5,31.5,30.5,30.65,30.65,112.5,29.65,53243,1643565.45,,30.87,EQ
05-01-2011,30.6,30.85,30.1,30.5,30.35,112.5,29.65,34511,1052252.85,,30.49,EQ
06-01-2011,29.15,30.75,29.15,29.65,29.55,112.5,29.15,43451,1305133.35,,30.04,EQ
07-01-2011,29.4,29.95,27.0,27.7,27.5,112.5,27.0,70967,2018629.2,,28.44,EQ
10-01-2011,28.0,28.0,25.0,25.3,25.0,112.5,25.0,115243,3004987.75,,26.08,EQ
11-01-2011,25.0,26.35,24.05,24.45,24.5,112.5,24.05,64529,1610879.85,,24.96,EQ
12-01-2011,24.05,25.0,23.2,24.05,24.3,112.5,23.2,51950,1241439.4,,23.9,EQ
13-01-2011,23.7,25.4,22.9,23.15,23.25,112.5,22.9,54853,1296365.35,,23.63,EQ
14-01-2011,23.0,23.35,22.2,23.05,22.95,112.5,22.2,50401,1156590.05,,22.95,EQ
17-01-2011,23.0,23.85,22.15,23.0,23.3,112.5,22.15,28013,643432.1,,22.97,EQ
18-01-2011,22.75,23.5,22.25,22.6,22.75,112.5,22.15,35062,796025.3,,22.7,EQ
19-01-2011,22.6,22.6,21.5,21.7,21.75,112.5,21.5,45170,987903.7,,21.87,EQ
20-01-2011,21.15,22.2,21.15,21.85,22.0,112.5,21.15,45973,1001177.1,,21.78,EQ
21-01-2011,21.4,22.2,21.35,21.75,21.85,112.5,21.15,34070,744365.4,,21.85,EQ
24-01-2011,22.2,22.2,21.35,21.6,21.7,112.5,21.15,35579,778081.15,,21.87,EQ
25-01-2011,21.6,21.95,21.2,21.3,21.25,112.5,21.15,27667,594376.2,,21.48,EQ
27-01-2011,22.3,22.3,21.0,21.25,21.5,112.5,21.0,28489,609341.5,,21.39,EQ
28-01-2011,21.7,21.7,20.2,20.2,20.35,112.5,20.2,24877,508203.9,,20.43,EQ
31-01-2011,20.0,20.0,19.2,19.2,19.2,112.5,19.2,58521,1128838.1,,19.29,EQ
01-02-2011,18.35,19.5,18.35,19.15,19.4,112.5,18.35,42257,805596.9,,19.06,EQ
02-02-2011,18.8,19.5,18.75,18.8,18.8,112.5,18.35,30788,585130.85,,19.01,EQ
03-02-2011,18.75,19.5,18.1,19.3,19.5,112.5,18.1,26239,498521.05,,19.0,EQ
04-02-2011,18.8,19.45,18.55,18.8,18.8,112.5,18.1,19286,367012.05,,19.03,EQ
07-02-2011,19.0,19.25,18.25,18.65,18.6,112.5,18.1,28253,531016.7,,18.8,EQ
08-02-2011,18.55,18.9,17.75,17.85,17.95,112.5,17.75,44672,806929.8,,18.06,EQ
09-02-2011,17.85,17.9,17.0,17.0,17.0,112.5,17.0,44893,773088.05,,17.22,EQ
10-02-2011,16.4,16.6,16.15,16.15,16.15,112.5,16.15,30333,491503.35,,16.2,EQ
11-02-2011,15.35,16.45,15.35,16.1,16.1,112.5,15.35,63301,997117.45,,15.75,EQ
14-02-2011,16.5,16.95,16.5,16.95,16.95,112.5,15.35,41254,694714.45,,16.84,EQ
15-02-2011,17.8,17.8,17.45,17.8,17.8,112.5,15.35,23167,411249.0,,17.75,EQ
16-02-2011,18.7,18.7,17.8,18.7,18.7,112.5,15.35,25990,485417.35,,18.68,EQ
17-02-2011,19.65,19.65,19.05,19.6,19.6,112.5,15.35,104258,2041667.0,,19.58,EQ
18-02-2011,20.4,20.4,18.65,18.75,18.75,112.5,15.35,70367,1346883.8,,19.14,EQ
21-02-2011,19.1,19.1,18.0,18.75,18.9,112.5,15.35,33684,624559.1,,18.54,EQ
22-02-2011,18.6,19.2,17.85,17.9,18.0,112.5,15.35,28204,510596.85,,18.1,EQ
23-02-2011,17.9,18.15,17.0,17.2,17.15,112.5,15.35,36695,643391.35,,17.53,EQ
24-02-2011,17.6,17.6,16.65,16.75,16.85,112.5,15.35,22573,382555.55,,16.95,EQ
25-02-2011,16.0,17.2,16.0,16.7,16.75,112.5,15.35,31821,524747.65,,16.49,EQ
28-02-2011,16.7,16.7,15.9,16.35,16.25,112.5,15.35,25696,419951.95,,16.34,EQ
01-03-2011,16.8,17.2,16.05,16.85,17.0,112.5,15.35,26535,446107.3,,16.81,EQ
03-03-2011,16.9,17.7,16.5,17.4,17.6,112.5,15.35,58171,1014565.9,,17.44,EQ
04-03-2011,17.0,17.8,16.55,16.85,16.8,112.5,15.35,19777,340602.65,,17.22,EQ
07-03-2011,16.45,16.95,16.05,16.45,16.35,112.5,15.35,10745,175141.75,,16.3,EQ
08-03-2011,16.0,16.65,16.0,16.25,16.4,112.5,15.35,45323,735884.35,,16.24,EQ
09-03-2011,16.25,16.95,16.1,16.6,16.7,112.5,15.35,17566,290727.3,,16.55,EQ
10-03-2011,16.3,16.75,16.2,16.6,16.7,112.5,15.35,9967,164522.45,,16.51,EQ
11-03-2011,16.3,16.8,16.15,16.4,16.15,112.5,15.35,13788,226758.25,,16.45,EQ
14-03-2011,16.1,16.5,16.0,16.1,16.1,112.5,15.35,9502,153271.6,,16.13,EQ
15-03-2011,15.55,16.3,15.55,16.0,15.8,112.5,15.35,7841,124724.45,,15.91,EQ
16-03-2011,15.75,16.8,15.75,16.2,16.35,112.5,15.35,21365,346866.65,,16.24,EQ
17-03-2011,16.35,16.35,15.75,16.05,16.2,112.5,15.35,10840,174291.35,,16.08,EQ
18-03-2011,15.8,16.1,15.7,15.95,16.1,112.5,15.35,7137,113755.65,,15.94,EQ
21-03-2011,15.8,16.0,15.2,15.75,15.9,112.5,15.2,24314,380737.6,,15.66,EQ
22-03-2011,15.3,16.1,15.25,15.85,16.1,112.5,15.2,20432,320451.5,,15.68,EQ
23-03-2011,16.1,16.1,15.55,15.65,15.75,112.5,15.2,17055,268069.8,,15.72,EQ
24-03-2011,15.6,16.15,14.95,15.35,15.0,112.5,14.95,90739,1417751.2,,15.62,EQ
25-03-2011,15.25,16.9,14.95,16.65,16.7,112.5,14.95,280420,4667968.3,,16.65,EQ
28-03-2011,17.25,17.85,15.35,16.0,15.35,112.5,14.95,238082,3993636.35,,16.77,EQ
29-03-2011,15.95,16.05,14.4,14.45,14.4,112.5,14.4,273316,4039765.45,,14.78,EQ
30-03-2011,14.5,15.2,14.1,15.05,15.2,112.5,14.1,54415,806508.85,,14.82,EQ
31-03-2011,15.05,15.3,14.4,14.55,14.5,112.5,14.1,52251,769804.5,,14.73,EQ
01-04-2011,14.5,16.05,14.25,15.7,15.65,112.5,14.1,102185,1578741.15,,15.45,EQ
04-04-2011,15.7,16.1,15.0,15.9,15.9,112.5,14.1,75102,1193306.7,,15.89,EQ
05-04-2011,15.75,16.9,15.7,16.8,16.9,112.5,14.1,90005,1492968.15,,16.59,EQ
06-04-2011,16.95,17.5,16.65,17.2,17.1,112.5,14.1,57337,983635.75,,17.16,EQ
07-04-2011,17.3,18.95,17.0,17.9,17.85,112.5,14.1,126933,2322694.25,,18.3,EQ
08-04-2011,18.25,18.4,17.1,17.25,17.25,112.5,14.1,72332,1275512.95,,17.63,EQ
11-04-2011,17.25,17.3,16.15,16.35,16.35,112.5,14.1,56628,954489.6,,16.86,EQ
13-04-2011,16.35,16.7,15.8,16.0,16.0,112.5,14.1,88593,1425341.45,,16.09,EQ
15-04-2011,15.8,16.4,15.7,16.05,15.85,112.5,14.1,37306,598610.75,,16.05,EQ
18-04-2011,15.7,16.35,15.55,15.85,15.9,112.5,14.1,65702,1051265.35,,16.0,EQ
19-04-2011,15.8,15.8,14.3,15.6,15.7,112.5,14.1,31694,486097.4,,15.34,EQ
20-04-2011,15.6,16.3,15.3,15.95,15.95,112.5,14.1,78323,1252665.2,,15.99,EQ
21-04-2011,15.7,16.15,15.7,15.9,15.85,112.5,14.1,18134,289171.25,,15.95,EQ
25-04-2011,16.0,16.25,15.55,15.9,15.9,112.5,14.1,34059,542131.95,,15.92,EQ
26-04-2011,15.6,16.25,15.4,15.6,15.8,112.5,14.1,35172,551389.45,,15.68,EQ
27-04-2011,15.5,16.2,15.5,15.95,15.95,112.5,14.1,20869,331866.15,,15.9,EQ
28-04-2011,15.6,16.45,15.6,15.85,15.9,112.5,14.1,49772,795782.05,,15.99,EQ
29-04-2011,15.5,15.9,14.7,14.9,15.05,112.5,14.1,84022,1270581.6,,15.12,EQ
02-05-2011,14.6,15.25,14.6,14.75,14.7,112.5,14.1,10750,159500.8,,14.84,EQ
03-05-2011,14.2,15.0,14.2,14.4,14.5,112.5,14.1,35153,510628.85,,14.53,EQ
04-05-2011,14.5,14.7,14.1,14.6,14.7,112.5,14.1,17541,253779.25,,14.47,EQ
05-05-2011,14.3,14.75,14.15,14.3,14.2,112.5,14.1,14465,207761.35,,14.36,EQ
06-05-2011,14.1,14.8,13.9,14.15,14.15,112.5,13.9,21164,301325.1,,14.24,EQ
09-05-2011,14.1,14.7,14.1,14.45,14.7,112.5,13.9,24203,346128.4,,14.3,EQ
10-05-2011,14.7,14.85,14.3,14.7,14.8,112.5,13.9,55222,803393.5,,14.55,EQ
11-05-2011,14.95,14.95,14.7,14.9,14.9,112.5,13.9,8994,133305.55,,14.82,EQ
12-05-2011,14.9,15.95,14.15,15.3,15.45,112.5,13.9,53832,825968.85,,15.34,EQ
13-05-2011,14.6,15.75,14.6,15.3,15.5,112.5,13.9,20002,309036.9,,15.45,EQ
16-05-2011,15.0,15.55,15.0,15.45,15.45,112.5,13.9,14686,226410.7,,15.42,EQ
17-05-2011,15.1,15.7,15.1,15.45,15.45,112.5,13.9,19834,308706.35,,15.56,EQ
18-05-2011,15.1,15.65,14.75,15.05,15.0,112.5,13.9,29384,446550.4,,15.2,EQ
19-05-2011,14.6,15.25,14.6,14.95,15.2,112.5,13.9,41461,620722.0,,14.97,EQ
20-05-2011,14.3,15.25,14.3,14.75,14.75,112.5,13.9,4278,63624.35,,14.87,EQ
23-05-2011,14.4,14.85,14.25,14.45,14.3,112.5,13.9,8666,125631.25,,14.5,EQ
24-05-2011,14.35,14.85,14.15,14.2,14.35,112.5,13.9,7774,111387.35,,14.33,EQ
25-05-2011,14.7,14.7,13.6,14.2,14.1,112.5,13.6,11708,165325.3,,14.12,EQ
26-05-2011,13.8,14.5,13.8,14.2,14.1,112.5,13.6,7046,100188.75,,14.22,EQ
27-05-2011,14.05,14.25,13.85,13.95,13.9,112.5,13.6,16154,226654.1,,14.03,EQ
30-05-2011,13.85,14.25,13.75,13.8,13.8,112.5,13.6,12189,169492.3,,13.91,EQ
31-05-2011,14.3,14.3,13.85,13.9,13.85,112.5,13.6,12073,168356.85,,13.94,EQ
01-06-2011,14.2,14.5,13.9,14.2,14.35,112.5,13.6,10282,145488.7,99.0,14.15,EQ
02-06-2011,14.0,14.45,13.6,14.1,14.45,112.5,13.6,11272,158273.3,77.0,14.04,EQ
03-06-2011,13.6,14.35,13.6,14.0,13.9,112.5,13.6,13373,188314.55,65.0,14.08,EQ
06-06-2011,13.8,14.15,13.8,14.0,13.95,112.5,13.6,4053,56776.8,40.0,14.01,EQ
07-06-2011,13.8,14.2,13.8,13.9,13.9,112.5,13.6,9290,129269.3,64.0,13.91,EQ
08-06-2011,13.8,14.1,13.75,13.8,13.8,112.5,13.6,11745,162745.85,77.0,13.86,EQ
09-06-2011,13.8,13.95,13.65,13.9,13.95,112.5,13.6,5443,75069.35,55.0,13.79,EQ
10-06-2011,13.65,13.95,13.65,13.75,13.65,112.5,13.6,18612,256093.95,110.0,13.76,EQ
13-06-2011,13.5,13.7,13.4,13.65,13.6,112.5,13.4,10481,141713.25,76.0,13.52,EQ
14-06-2011,13.4,13.9,13.4,13.7,13.75,112.5,13.4,7537,101904.2,79.0,13.52,EQ
15-06-2011,13.5,13.8,13.4,13.6,13.5,112.5,13.4,8502,115667.4,97.0,13.6,EQ
16-06-2011,13.05,13.7,13.05,13.45,13.5,112.5,13.05,12932,173020.8,68.0,13.38,EQ
17-06-2011,13.1,13.9,13.1,13.55,13.35,112.5,13.05,5380,72644.4,60.0,13.5,EQ
20-06-2011,13.3,13.7,12.3,12.85,12.75,112.5,12.3,18545,240254.4,142.0,12.96,EQ
21-06-2011,12.2,13.9,12.2,12.9,12.95,112.5,12.2,10898,140676.45,95.0,12.91,EQ
22-06-2011,12.3,12.9,11.85,11.95,12.0,112.5,11.85,18644,229482.2,153.0,12.31,EQ
23-06-2011,11.5,12.1,11.3,11.85,11.95,112.5,11.3,21475,250083.55,185.0,11.65,EQ
24-06-2011,11.6,12.2,11.55,12.05,11.95,112.5,11.3,6540,78130.65,79.0,11.95,EQ
27-06-2011,12.0,12.25,11.75,12.05,12.2,112.5,11.3,11091,133284.2,86.0,12.02,EQ
28-06-2011,12.0,12.15,11.75,11.95,12.1,112.5,11.3,8793,105165.5,83.0,11.96,EQ
29-06-2011,11.65,14.25,11.65,13.6,13.6,112.5,11.3,73004,988077.55,617.0,13.53,EQ
30-06-2011,13.1,16.35,13.1,16.35,16.35,112.5,11.3,349377,5481990.55,719.0,15.69,EQ
01-07-2011,17.1,19.25,13.8,14.75,14.25,112.5,11.3,1066473,16837781.05,3002.0,15.79,EQ
04-07-2011,14.6,14.6,11.8,12.05,12.05,112.5,11.3,1383597,17142479.85,3613.0,12.39,EQ
05-07-2011,12.1,13.9,12.05,13.1,13.2,112.5,11.3,535382,7000687.35,1969.0,13.08,EQ
06-07-2011,13.15,13.3,12.4,12.7,12.7,112.5,11.3,135043,1732995.8,708.0,12.83,EQ
07-07-2011,12.5,12.9,12.25,12.7,12.65,112.5,11.3,67013,846814.3,291.0,12.64,EQ
08-07-2011,12.5,13.2,12.4,12.5,12.4,112.5,11.3,46638,589334.5,241.0,12.64,EQ
11-07-2011,12.35,12.65,12.2,12.4,12.45,112.5,11.3,41082,510978.25,310.0,12.44,EQ
12-07-2011,12.2,12.4,10.0,11.35,11.9,112.5,10.0,86080,995166.55,373.0,11.56,EQ
13-07-2011,11.8,12.8,11.45,12.1,12.0,112.5,10.0,145345,1799280.1,828.0,12.38,EQ
14-07-2011,12.1,12.3,11.9,12.05,12.1,112.5,10.0,58178,704170.9,302.0,12.1,EQ
15-07-2011,12.0,12.3,11.75,12.2,12.2,112.5,10.0,32143,387953.85,186.0,12.07,EQ
18-07-2011,12.2,12.3,11.85,12.2,12.25,112.5,10.0,25661,312327.15,127.0,12.17,EQ
19-07-2011,12.0,12.3,12.0,12.15,12.15,112.5,10.0,25881,314334.6,153.0,12.15,EQ
20-07-2011,12.1,12.3,11.8,11.85,11.8,112.5,10.0,38917,467550.45,231.0,12.01,EQ
21-07-2011,12.2,12.2,11.5,11.6,11.6,112.5,10.0,49583,577244.25,289.0,11.64,EQ
22-07-2011,12.0,12.0,11.45,11.65,11.6,112.5,10.0,23525,275697.5,174.0,11.72,EQ
25-07-2011,11.4,11.7,11.4,11.65,11.7,112.5,10.0,24628,286215.6,102.0,11.62,EQ
26-07-2011,11.4,11.7,11.4,11.45,11.5,112.5,10.0,20626,238679.6,135.0,11.57,EQ
27-07-2011,11.3,11.6,11.3,11.5,11.6,112.5,10.0,16788,192207.9,100.0,11.45,EQ
28-07-2011,11.5,11.5,11.2,11.3,11.4,112.5,10.0,17345,196048.95,83.0,11.3,EQ
29-07-2011,11.5,11.6,11.1,11.25,11.15,112.5,10.0,46842,529063.15,198.0,11.29,EQ
01-08-2011,10.0,11.5,10.0,11.05,11.1,112.5,10.0,32873,366886.4,135.0,11.16,EQ
02-08-2011,11.0,11.1,10.45,10.55,10.8,112.5,10.0,52659,563796.95,223.0,10.71,EQ
03-08-2011,10.1,10.95,10.1,10.7,10.8,112.5,10.0,28709,306219.35,196.0,10.67,EQ
04-08-2011,10.25,10.95,10.25,10.55,10.55,112.5,10.0,22165,234214.9,135.0,10.57,EQ
05-08-2011,10.2,10.5,9.8,10.3,10.45,112.5,9.8,48687,492758.85,176.0,10.12,EQ
08-08-2011,10.0,10.3,9.55,9.9,9.8,112.5,9.55,32129,317136.7,151.0,9.87,EQ
09-08-2011,9.9,9.9,9.4,9.45,9.5,112.5,9.4,43026,416172.3,180.0,9.67,EQ
10-08-2011,9.5,10.45,9.5,10.2,10.25,112.5,9.4,52020,527180.75,179.0,10.13,EQ
11-08-2011,10.0,10.3,10.0,10.15,10.15,112.5,9.4,19819,201958.15,70.0,10.19,EQ
12-08-2011,10.35,10.35,9.8,10.0,10.1,112.5,9.4,27675,276529.95,86.0,9.99,EQ
16-08-2011,9.8,10.0,9.25,9.35,9.55,112.5,9.25,34652,331499.9,123.0,9.57,EQ
17-08-2011,9.75,9.75,8.9,9.25,9.2,112.5,8.9,47703,441790.9,229.0,9.26,EQ
18-08-2011,9.05,9.25,8.7,8.85,9.0,112.5,8.7,29160,263565.3,184.0,9.04,EQ
19-08-2011,8.5,9.0,8.5,8.7,8.55,112.5,8.5,18505,161574.4,118.0,8.73,EQ
22-08-2011,8.5,8.95,8.25,8.8,8.75,112.5,8.25,26360,228417.25,174.0,8.67,EQ
23-08-2011,8.9,9.05,8.75,8.95,8.9,112.5,8.25,8478,75579.65,75.0,8.91,EQ
24-08-2011,8.8,9.0,8.4,8.75,8.75,112.5,8.25,28269,248493.2,153.0,8.79,EQ
25-08-2011,8.9,9.2,8.65,8.75,8.65,112.5,8.25,33889,301613.55,155.0,8.9,EQ
26-08-2011,8.35,9.0,8.2,8.3,8.5,112.5,8.2,36458,311725.75,255.0,8.55,EQ
29-08-2011,8.35,9.1,8.3,8.95,8.95,112.5,8.2,39938,352036.55,169.0,8.81,EQ
30-08-2011,8.9,9.25,8.4,9.2,9.25,112.5,8.2,33431,298266.2,263.0,8.92,EQ
02-09-2011,9.1,9.95,8.7,9.55,9.65,112.5,8.2,35374,338088.25,238.0,9.56,EQ
05-09-2011,9.7,10.0,9.1,9.6,9.7,112.5,8.2,73590,701321.05,131.0,9.53,EQ
06-09-2011,9.5,9.75,9.5,9.65,9.75,112.5,8.2,32736,313994.75,63.0,9.59,EQ
07-09-2011,9.55,9.9,9.5,9.7,9.55,112.5,8.2,11347,110495.2,74.0,9.74,EQ
08-09-2011,9.55,10.65,9.55,10.45,10.15,112.5,8.2,66742,673614.4,296.0,10.09,EQ
09-09-2011,10.8,11.05,10.25,10.75,10.9,112.5,8.2,91225,980315.7,293.0,10.75,EQ
12-09-2011,10.6,10.9,10.5,10.65,10.7,112.5,8.2,8345,89138.35,104.0,10.68,EQ
13-09-2011,10.65,12.0,10.55,11.0,11.2,112.5,8.2,94169,1056181.6,614.0,11.22,EQ
14-09-2011,11.4,11.9,11.25,11.45,11.6,112.5,8.2,79594,921007.2,442.0,11.57,EQ
15-09-2011,11.15,11.4,11.15,11.25,11.25,112.5,8.2,15913,178997.85,89.0,11.25,EQ
16-09-2011,11.1,11.4,10.55,10.7,10.75,112.5,8.2,23008,248794.55,145.0,10.81,EQ
19-09-2011,10.6,11.1,10.5,11.0,11.05,112.5,8.2,22778,245575.95,137.0,10.78,EQ
20-09-2011,11.0,11.0,10.8,10.8,10.8,112.5,8.2,3928,42763.35,40.0,10.89,EQ
21-09-2011,11.3,13.0,10.7,11.35,11.45,112.5,8.2,64713,734833.15,337.0,11.36,EQ
22-09-2011,11.0,12.35,10.8,11.85,11.65,112.5,8.2,141865,1655459.25,595.0,11.67,EQ
23-09-2011,11.4,12.85,11.4,12.2,12.0,112.5,8.2,153997,1871653.85,709.0,12.15,EQ
26-09-2011,12.0,12.5,11.75,12.3,12.2,112.5,8.2,117504,1437019.45,667.0,12.23,EQ
27-09-2011,12.4,14.55,12.4,13.5,13.45,112.5,8.2,243759,3347040.8,1307.0,13.73,EQ
28-09-2011,13.5,14.5,13.15,13.9,13.85,112.5,8.2,179783,2507475.3,930.0,13.95,EQ
29-09-2011,14.35,14.6,13.7,14.4,14.55,112.5,8.2,127246,1789044.05,655.0,14.06,EQ
30-09-2011,14.5,14.85,13.1,13.95,13.9,112.5,8.2,146955,2033388.35,658.0,13.84,EQ
03-10-2011,13.5,16.75,13.0,16.75,16.75,112.5,8.2,417277,6542392.5,2512.0,15.68,EQ
04-10-2011,16.65,19.45,16.0,16.85,16.85,112.5,8.2,634595,11461250.2,4288.0,18.06,EQ
05-10-2011,16.85,18.15,16.25,17.15,17.45,112.5,8.2,295984,5162637.0,1773.0,17.44,EQ
07-10-2011,17.9,19.5,17.85,18.65,18.7,112.5,8.2,308638,5795516.25,1857.0,18.78,EQ
10-10-2011,18.9,19.4,18.5,18.6,18.5,112.5,8.2,108061,2050409.8,690.0,18.97,EQ
11-10-2011,19.4,19.4,18.05,18.65,18.65,112.5,8.2,69595,1287410.2,383.0,18.5,EQ
12-10-2011,18.1,18.75,18.1,18.7,18.7,112.5,8.2,39019,724487.95,189.0,18.57,EQ
13-10-2011,18.4,19.9,18.4,19.2,19.6,112.5,8.2,66545,1263544.1,369.0,18.99,EQ
14-10-2011,19.0,21.0,19.0,20.55,20.95,112.5,8.2,167093,3405764.65,988.0,20.38,EQ
17-10-2011,21.3,22.65,20.65,22.65,22.65,112.5,8.2,157296,3471801.55,1223.0,22.07,EQ
18-10-2011,22.8,24.95,22.8,24.95,24.95,112.5,8.2,154438,3773967.15,1220.0,24.44,EQ
19-10-2011,24.9,26.2,24.9,26.1,25.9,112.5,8.2,239941,6249970.35,1571.0,26.05,EQ
20-10-2011,27.4,27.4,24.8,24.8,24.8,112.5,8.2,49127,1230670.85,336.0,25.05,EQ
21-10-2011,24.8,24.8,23.6,23.6,23.6,112.5,8.2,7327,173686.05,46.0,23.7,EQ
24-10-2011,22.45,22.5,22.45,22.45,22.45,112.5,8.2,10500,235800.0,30.0,22.46,EQ
25-10-2011,21.35,21.35,21.35,21.35,21.35,112.5,8.2,1235,26367.25,8.0,21.35,EQ
26-10-2011,20.3,20.3,20.3,20.3,20.3,112.5,8.2,6200,125860.0,20.0,20.3,EQ
28-10-2011,19.3,19.3,19.3,19.3,19.3,112.5,8.2,8577,165536.1,36.0,19.3,EQ
31-10-2011,18.35,20.3,18.35,20.3,20.3,82.7,8.2,58220,1153364.3,381.0,19.81,EQ
01-11-2011,20.6,21.35,20.6,21.35,21.35,82.7,8.2,23710,503370.4,116.0,21.23,EQ
02-11-2011,22.45,22.45,21.5,22.45,22.45,82.7,8.2,34455,772020.45,192.0,22.41,EQ
03-11-2011,22.25,23.6,21.35,21.35,21.35,82.7,8.2,88378,1969051.1,656.0,22.28,EQ
04-11-2011,20.3,20.8,20.3,20.3,20.3,82.7,8.2,13867,281770.1,100.0,20.32,EQ
08-11-2011,19.35,21.4,18.3,20.55,20.65,81.3,8.2,101646,2035263.65,689.0,20.02,EQ
09-11-2011,20.9,22.65,20.5,22.65,22.65,81.3,8.2,94249,2073956.5,521.0,22.01,EQ
11-11-2011,22.9,24.75,21.8,23.25,23.3,81.3,8.2,159870,3781130.25,1368.0,23.65,EQ
14-11-2011,23.35,24.4,21.2,21.55,21.5,73.5,8.2,50350,1158699.8,584.0,23.01,EQ
15-11-2011,21.85,21.85,19.55,20.05,20.25,73.5,8.2,64199,1302424.75,588.0,20.29,EQ
16-11-2011,19.85,20.85,19.35,20.15,20.0,73.5,8.2,39176,782983.8,274.0,19.99,EQ
17-11-2011,19.8,20.6,19.5,19.7,19.8,73.5,8.2,18001,360703.75,156.0,20.04,EQ
18-11-2011,19.0,19.95,18.2,18.95,19.0,73.5,8.2,47544,897039.0,223.0,18.87,EQ
21-11-2011,18.8,19.0,18.0,18.25,18.4,60.7,8.2,16572,304371.1,168.0,18.37,EQ
22-11-2011,18.8,18.9,17.3,18.05,17.6,60.7,8.2,32465,588070.85,277.0,18.11,EQ
23-11-2011,17.2,17.7,16.25,16.25,16.25,60.7,8.2,41974,694768.2,217.0,16.55,EQ
24-11-2011,15.9,16.35,15.45,15.45,15.45,60.7,8.2,12148,189849.2,64.0,15.63,EQ
25-11-2011,15.45,15.45,14.7,14.7,14.7,60.7,8.2,9104,134570.8,71.0,14.78,EQ
28-11-2011,14.3,15.45,14.3,15.45,15.45,53.8,8.2,19248,293935.7,146.0,15.27,EQ
29-11-2011,15.25,15.5,14.7,14.7,14.7,53.8,8.2,20326,302271.45,130.0,14.87,EQ
30-11-2011,14.5,15.15,14.3,14.85,14.9,53.8,8.2,19394,285172.45,141.0,14.7,EQ
01-12-2011,15.25,15.3,14.75,14.8,14.75,53.8,8.2,6427,96758.95,71.0,15.06,EQ
02-12-2011,14.7,15.15,14.1,14.25,14.35,53.8,8.2,21978,317538.5,151.0,14.45,EQ
05-12-2011,14.0,14.8,13.55,14.2,14.4,46.7,8.2,19292,265930.1,163.0,13.78,EQ
07-12-2011,14.0,14.7,13.5,13.75,13.65,46.7,8.2,12522,174461.15,125.0,13.93,EQ
08-12-2011,14.05,14.05,13.25,13.35,13.3,46.7,8.2,5591,75418.0,93.0,13.49,EQ
09-12-2011,12.8,13.45,12.7,13.15,13.1,46.7,8.2,45066,584892.75,180.0,12.98,EQ
12-12-2011,12.6,13.35,12.6,12.65,12.8,34.3,8.2,7280,93750.35,74.0,12.88,EQ
13-12-2011,12.7,12.85,12.05,12.5,12.5,34.3,8.2,15110,186374.1,107.0,12.33,EQ
14-12-2011,12.2,12.45,11.9,11.9,11.9,34.3,8.2,18303,219628.05,146.0,12.0,EQ
15-12-2011,11.5,11.5,11.3,11.3,11.3,34.3,8.2,5913,66913.1,50.0,11.32,EQ
16-12-2011,11.25,11.8,11.1,11.3,11.45,34.3,8.2,15369,174454.75,125.0,11.35,EQ
19-12-2011,11.75,11.75,10.75,10.75,10.75,33.9,8.2,8867,96201.15,57.0,10.85,EQ
20-12-2011,10.3,10.9,10.25,10.3,10.25,33.9,8.2,5877,60442.65,55.0,10.28,EQ
21-12-2011,10.0,10.8,9.9,10.25,10.3,33.9,8.2,21403,219745.1,94.0,10.27,EQ
22-12-2011,10.05,10.45,9.75,10.0,9.95,33.9,8.2,15062,151279.9,99.0,10.04,EQ
23-12-2011,10.15,10.2,9.8,9.95,10.2,33.9,8.2,37574,378320.5,92.0,10.07,EQ
26-12-2011,10.05,10.45,10.05,10.45,10.45,32.25,8.2,5008,52002.1,36.0,10.38,EQ
27-12-2011,10.85,10.95,10.6,10.95,10.95,32.25,8.2,6167,67418.1,36.0,10.93,EQ
28-12-2011,10.95,11.5,10.95,11.5,11.5,32.25,8.2,6605,75635.85,23.0,11.45,EQ
29-12-2011,12.05,12.05,12.05,12.05,12.05,32.25,8.2,3220,38801.0,28.0,12.05,EQ
30-12-2011,12.65,12.65,12.65,12.65,12.65,32.25,8.2,10532,133229.8,39.0,12.65,EQ
02-01-2012,12.75,13.25,12.75,13.25,13.25,32.25,8.2,18989,249693.8,116.0,13.15,EQ
03-01-2012,13.65,13.9,13.65,13.9,13.9,32.25,8.2,7264,100969.1,45.0,13.9,EQ
04-01-2012,14.6,14.6,14.5,14.6,14.6,32.25,8.2,1855,27043.0,19.0,14.58,EQ
05-01-2012,15.3,15.3,15.3,15.3,15.3,32.25,8.2,9233,141264.9,30.0,15.3,EQ
06-01-2012,15.95,16.05,14.55,14.55,14.55,32.25,8.2,78470,1191342.6,385.0,15.18,EQ
07-01-2012,14.5,14.65,13.9,14.25,14.65,32.25,8.2,6455,91261.5,22.0,14.14,EQ
09-01-2012,13.6,13.95,13.55,13.6,13.6,28.0,8.2,26863,364825.9,84.0,13.58,EQ
10-01-2012,14.2,14.25,13.5,13.9,13.9,28.0,8.2,18434,256067.4,197.0,13.89,EQ
11-01-2012,13.7,14.6,13.7,14.6,14.6,28.0,8.2,14211,206366.35,100.0,14.52,EQ
12-01-2012,14.7,15.3,14.7,15.3,15.3,28.0,8.2,21118,314322.15,111.0,14.88,EQ
13-01-2012,15.6,16.05,15.6,16.05,16.05,28.0,8.2,30593,488563.95,131.0,15.97,EQ
16-01-2012,16.0,16.65,15.55,15.9,15.9,27.4,8.2,9207,147115.15,60.0,15.98,EQ
17-01-2012,16.4,16.4,15.15,15.65,15.45,27.4,8.2,31962,498720.0,99.0,15.6,EQ
18-01-2012,15.65,15.65,15.05,15.1,15.1,27.4,8.2,6692,101638.5,60.0,15.19,EQ
19-01-2012,15.55,15.6,15.1,15.2,15.2,27.4,8.2,3224,49273.8,51.0,15.28,EQ
20-01-2012,15.4,15.4,14.65,15.0,14.9,27.4,8.2,8599,129260.45,85.0,15.03,EQ
23-01-2012,15.3,15.6,14.5,15.2,15.6,27.4,8.2,10820,165038.1,70.0,15.25,EQ
24-01-2012,14.9,15.65,14.9,15.4,15.65,27.4,8.2,8390,127440.55,87.0,15.19,EQ
25-01-2012,15.6,16.15,15.6,16.05,16.15,27.4,8.2,16978,271719.7,127.0,16.0,EQ
27-01-2012,15.8,16.55,15.25,15.55,15.5,27.4,8.2,7618,119186.65,56.0,15.65,EQ
30-01-2012,15.2,15.85,15.2,15.2,15.2,27.4,8.2,16881,262671.15,76.0,15.56,EQ
31-01-2012,15.2,15.2,14.65,15.0,15.0,27.4,8.2,2425,36120.9,26.0,14.9,EQ
01-02-2012,14.6,15.0,14.55,14.85,14.65,27.4,8.2,6818,100335.2,55.0,14.72,EQ
02-02-2012,15.2,15.25,14.7,15.0,15.25,27.4,8.2,9366,139974.1,37.0,14.94,EQ
03-02-2012,14.7,15.15,14.7,14.95,14.95,27.4,8.2,9428,141115.95,71.0,14.97,EQ
06-02-2012,15.0,15.0,14.75,14.8,14.8,27.4,8.2,6065,90385.4,45.0,14.9,EQ
07-02-2012,14.9,15.5,14.8,15.0,15.0,27.4,8.2,26383,402451.0,126.0,15.25,EQ
08-02-2012,15.45,15.75,15.05,15.5,15.65,27.4,8.2,19673,305496.55,111.0,15.53,EQ
09-02-2012,15.75,16.25,15.5,16.25,16.25,27.4,8.2,47474,758344.35,186.0,15.97,EQ
10-02-2012,16.5,17.0,16.0,16.6,16.7,27.4,8.2,14459,238362.45,101.0,16.49,EQ
13-02-2012,16.1,16.5,15.8,15.85,15.8,27.4,8.2,10065,160579.85,86.0,15.95,EQ
14-02-2012,15.4,15.9,15.15,15.15,15.15,27.4,8.2,6670,102235.65,49.0,15.33,EQ
15-02-2012,15.2,15.3,14.5,14.95,14.8,27.4,8.2,12998,193579.7,125.0,14.89,EQ
16-02-2012,14.45,15.0,14.45,14.9,14.8,27.4,8.2,6427,95857.9,55.0,14.91,EQ
17-02-2012,15.0,15.0,14.6,14.7,14.7,27.4,8.2,7475,110335.55,56.0,14.76,EQ
21-02-2012,14.9,15.4,14.55,15.25,15.2,27.4,8.2,26483,402310.35,92.0,15.19,EQ
22-02-2012,15.0,15.8,14.7,14.7,14.7,27.4,8.2,6868,106367.75,42.0,15.49,EQ
23-02-2012,14.5,14.5,14.2,14.25,14.25,27.4,8.2,4688,67248.8,63.0,14.34,EQ
24-02-2012,14.25,14.5,13.55,13.6,13.9,27.4,8.2,25388,350140.7,115.0,13.79,EQ
27-02-2012,13.1,13.6,12.95,13.3,13.3,27.4,8.2,12566,164826.35,76.0,13.12,EQ
28-02-2012,13.45,13.9,12.8,13.5,13.6,27.4,8.2,14155,188117.6,103.0,13.29,EQ
29-02-2012,13.1,13.9,13.1,13.35,13.35,27.4,8.2,5598,75147.75,54.0,13.42,EQ
01-03-2012,13.0,14.0,12.85,13.95,14.0,27.4,8.2,14065,191829.85,107.0,13.64,EQ
02-03-2012,13.7,13.75,13.4,13.65,13.65,27.4,8.2,4228,57475.9,44.0,13.59,EQ
03-03-2012,13.1,13.8,13.1,13.8,13.8,27.4,8.2,450,6070.0,6.0,13.49,EQ
05-03-2012,13.8,13.8,13.15,13.2,13.2,27.4,8.2,4548,60722.95,41.0,13.35,EQ
06-03-2012,13.0,13.4,12.7,12.75,12.75,27.4,8.2,3028,39098.8,36.0,12.91,EQ
07-03-2012,12.5,13.25,12.5,13.2,13.25,27.4,8.2,2547,33151.2,35.0,13.02,EQ
09-03-2012,13.0,14.5,13.0,14.05,14.3,27.4,8.2,6596,91086.15,55.0,13.81,EQ
12-03-2012,13.7,13.9,13.0,13.3,13.5,27.4,8.2,4603,61519.3,59.0,13.37,EQ
13-03-2012,13.5,14.6,13.2,14.5,14.55,27.4,8.2,23043,329162.85,161.0,14.28,EQ
14-03-2012,14.1,15.9,14.1,15.1,15.15,27.4,8.2,23329,358307.6,140.0,15.36,EQ
15-03-2012,14.7,16.6,14.0,14.95,14.75,27.4,8.2,42380,664851.3,319.0,15.69,EQ
16-03-2012,14.3,15.0,14.3,14.45,14.7,27.4,8.2,3577,52236.25,44.0,14.6,EQ
19-03-2012,14.4,14.85,14.0,14.6,14.6,27.4,8.2,6533,94341.05,33.0,14.44,EQ
20-03-2012,14.1,14.75,14.1,14.25,14.25,27.4,8.2,434,6202.35,10.0,14.29,EQ
21-03-2012,14.4,14.7,13.8,13.8,13.8,27.4,8.2,20899,300387.85,47.0,14.37,EQ
22-03-2012,14.0,14.25,13.5,13.6,13.5,27.4,8.2,7486,102804.7,56.0,13.73,EQ
23-03-2012,13.6,14.3,13.0,13.55,13.8,27.4,8.2,3635,49471.0,41.0,13.61,EQ
26-03-2012,14.0,14.0,12.5,12.95,12.85,27.4,8.2,28572,376115.5,221.0,13.16,EQ
27-03-2012,13.0,13.3,12.7,13.0,13.0,27.4,8.2,6006,78205.1,53.0,13.02,EQ
28-03-2012,12.4,13.4,11.9,12.05,12.0,27.4,8.2,25246,312168.6,128.0,12.37,EQ
29-03-2012,12.0,13.0,11.9,12.85,13.0,27.4,8.2,1144,14401.3,17.0,12.59,EQ
30-03-2012,13.25,13.8,12.6,12.9,13.1,27.4,8.2,4241,55302.8,46.0,13.04,EQ
02-04-2012,12.5,13.35,12.2,13.2,13.2,27.4,8.2,1400,18361.25,17.0,13.12,EQ
03-04-2012,12.75,13.35,12.75,13.2,13.2,27.4,8.2,2277,29650.6,23.0,13.02,EQ
04-04-2012,12.9,13.5,12.9,13.1,13.05,27.4,8.2,2776,36288.85,27.0,13.07,EQ
09-04-2012,12.75,13.4,12.6,13.3,13.4,27.4,8.2,3578,46674.5,33.0,13.04,EQ
10-04-2012,13.4,13.6,12.65,13.55,13.6,27.4,8.2,5596,74548.35,146.0,13.32,EQ
11-04-2012,13.5,13.55,13.0,13.05,13.05,27.4,8.2,2550,33423.95,31.0,13.11,EQ
12-04-2012,12.7,12.95,12.1,12.7,12.6,27.4,8.2,7465,93712.05,43.0,12.55,EQ
13-04-2012,13.2,13.3,12.5,12.65,12.9,27.4,8.2,4163,53571.95,29.0,12.87,EQ
16-04-2012,12.25,12.75,12.25,12.5,12.5,27.4,8.2,2262,28543.0,19.0,12.62,EQ
17-04-2012,12.5,12.9,12.25,12.5,12.45,27.4,8.2,3376,42248.5,27.0,12.51,EQ
18-04-2012,12.5,13.4,12.5,12.75,13.05,27.4,8.2,6335,81511.45,55.0,12.87,EQ
19-04-2012,12.75,12.85,12.3,12.5,12.5,27.4,8.2,2238,28223.05,20.0,12.61,EQ
20-04-2012,12.5,13.0,12.2,12.8,12.8,27.4,8.2,2618,32955.55,21.0,12.59,EQ
23-04-2012,12.9,12.9,12.1,12.3,12.3,27.4,8.2,2759,34288.05,15.0,12.43,EQ
24-04-2012,12.25,12.85,12.25,12.65,12.8,27.4,8.2,3381,42390.25,32.0,12.54,EQ
25-04-2012,12.6,12.8,12.55,12.55,12.55,27.4,8.2,1603,20287.3,8.0,12.66,EQ
26-04-2012,12.2,12.8,12.2,12.4,12.2,27.4,8.2,6556,80338.65,21.0,12.25,EQ
27-04-2012,12.9,12.9,12.15,12.35,12.3,27.4,8.2,4659,58219.75,35.0,12.5,EQ
30-04-2012,12.3,12.8,12.3,12.3,12.3,27.4,8.2,662,8223.75,10.0,12.42,EQ
02-05-2012,12.8,12.9,12.2,12.2,12.4,27.4,8.2,6407,79166.05,38.0,12.36,EQ
03-05-2012,12.0,12.6,11.8,11.95,12.0,27.4,8.2,1755,21158.85,29.0,12.06,EQ
04-05-2012,11.6,12.25,11.6,11.95,12.25,27.4,8.2,7220,86399.75,50.0,11.97,EQ
07-05-2012,11.85,12.25,11.35,11.75,11.75,27.4,8.2,7072,82173.7,40.0,11.62,EQ
08-05-2012,11.5,13.95,11.5,12.15,12.1,27.4,8.2,2498,31114.85,28.0,12.46,EQ
09-05-2012,11.7,13.9,11.7,12.15,12.5,27.4,8.2,3722,46893.6,43.0,12.6,EQ
10-05-2012,12.0,12.2,11.55,11.6,11.55,27.4,8.2,5028,59323.15,25.0,11.8,EQ
11-05-2012,11.3,11.6,11.1,11.45,11.45,27.4,8.2,16838,189385.15,38.0,11.25,EQ
14-05-2012,11.3,11.95,11.3,11.5,11.6,27.4,8.2,1821,20844.95,23.0,11.45,EQ
15-05-2012,12.0,12.0,11.3,11.75,12.0,27.4,8.2,882,10384.7,15.0,11.77,EQ
16-05-2012,11.55,11.8,11.0,11.3,11.35,27.4,8.2,2251,25573.8,26.0,11.36,EQ
17-05-2012,11.05,11.9,11.05,11.8,11.85,27.4,8.2,2072,23633.8,22.0,11.41,EQ
18-05-2012,11.45,11.5,11.25,11.5,11.5,27.4,8.2,2138,24424.5,18.0,11.42,EQ
21-05-2012,11.3,13.65,11.3,12.15,12.0,27.4,8.2,3202,39607.75,28.0,12.37,EQ
22-05-2012,11.7,12.65,11.7,11.85,11.9,27.4,8.2,1980,23359.75,19.0,11.8,EQ
23-05-2012,11.95,12.45,11.6,11.85,11.85,27.4,8.2,2266,27114.9,12.0,11.97,EQ
24-05-2012,11.75,12.3,11.7,12.05,12.3,27.4,8.2,7749,94472.85,18.0,12.19,EQ
25-05-2012,12.3,12.3,11.95,12.25,12.3,27.4,8.2,636,7780.5,10.0,12.23,EQ
28-05-2012,11.6,12.4,11.6,11.95,11.85,27.4,8.2,1162,13931.7,12.0,11.99,EQ
29-05-2012,12.05,12.25,12.0,12.0,12.0,27.4,8.2,3084,37037.35,16.0,12.01,EQ
30-05-2012,11.65,12.3,11.6,12.05,12.3,27.4,8.2,4193,49900.9,21.0,11.9,EQ
31-05-2012,12.0,12.3,11.75,12.3,12.3,27.4,8.2,688,8146.3,4.0,11.84,EQ
01-06-2012,12.0,12.3,11.6,11.6,11.6,27.4,8.2,4200,49966.5,27.0,11.9,EQ
04-06-2012,11.7,11.85,11.6,11.6,11.6,27.4,8.2,3691,43017.85,15.0,11.65,EQ
05-06-2012,11.15,11.95,11.15,11.4,11.4,27.4,8.2,970,11058.0,18.0,11.4,EQ
06-06-2012,11.15,11.7,11.15,11.3,11.3,27.4,8.2,996,11396.4,19.0,11.44,EQ
07-06-2012,11.45,11.9,11.45,11.5,11.45,27.4,8.2,2098,24155.9,22.0,11.51,EQ
08-06-2012,11.5,11.5,11.35,11.45,11.4,27.4,8.2,1789,20539.05,11.0,11.48,EQ
11-06-2012,11.8,11.8,11.5,11.6,11.6,27.4,8.2,6747,77948.4,19.0,11.55,EQ
12-06-2012,11.15,11.7,11.15,11.25,11.25,27.4,8.2,4572,51359.8,42.0,11.23,EQ
13-06-2012,11.3,11.8,11.3,11.65,11.6,27.4,8.2,1100,12904.05,19.0,11.73,EQ
14-06-2012,11.75,11.75,10.9,11.0,10.9,27.4,8.2,7194,79566.05,27.0,11.06,EQ
15-06-2012,11.0,11.0,10.9,10.9,10.9,27.4,8.2,400,4384.9,4.0,10.96,EQ
18-06-2012,11.5,11.5,11.0,11.1,11.25,27.4,8.2,2647,29429.55,14.0,11.12,EQ
19-06-2012,10.95,11.4,10.95,11.1,11.25,27.4,8.2,1468,16287.9,19.0,11.1,EQ
20-06-2012,11.1,11.45,10.8,11.45,11.45,27.4,8.2,1430,16184.0,8.0,11.32,EQ
21-06-2012,11.1,11.4,10.35,11.15,11.4,27.4,8.2,13822,151520.25,68.0,10.96,EQ
22-06-2012,10.55,11.05,10.55,10.95,10.7,27.4,8.2,1393,15344.35,12.0,11.02,EQ
25-06-2012,10.85,12.0,10.85,11.0,11.0,27.4,8.2,4374,48825.2,33.0,11.16,EQ
26-06-2012,11.0,11.4,10.8,10.8,10.8,27.4,8.2,5382,59388.0,33.0,11.03,EQ
27-06-2012,11.0,11.3,10.9,10.9,10.9,27.4,8.2,367,4002.0,11.0,10.9,EQ
28-06-2012,10.65,11.4,10.65,10.9,11.2,27.4,8.2,1212,13527.1,19.0,11.16,EQ
29-06-2012,11.0,11.3,10.85,11.0,11.0,27.4,8.2,404,4473.55,9.0,11.07,EQ
02-07-2012,11.25,11.5,11.2,11.25,11.25,27.4,8.2,3994,45054.25,18.0,11.28,EQ
03-07-2012,11.45,11.45,11.15,11.25,11.25,27.4,8.2,3526,40027.45,21.0,11.35,EQ
04-07-2012,11.05,11.45,11.05,11.35,11.35,27.4,8.2,3421,38722.25,14.0,11.32,EQ
05-07-2012,11.1,12.0,11.1,11.35,11.25,27.4,8.2,3050,35093.4,40.0,11.51,EQ
06-07-2012,11.2,13.6,11.2,13.0,12.75,27.4,8.2,42162,544839.5,326.0,12.92,EQ
09-07-2012,12.55,12.95,12.25,12.3,12.25,27.4,8.2,15299,193330.35,84.0,12.64,EQ
10-07-2012,11.65,12.75,11.65,12.45,12.75,27.4,8.2,4506,55753.35,46.0,12.37,EQ
11-07-2012,12.0,12.45,12.0,12.0,12.0,27.4,8.2,1565,18814.95,14.0,12.02,EQ
12-07-2012,12.35,12.5,11.5,12.5,12.5,27.4,8.2,2723,33459.5,15.0,12.29,EQ
13-07-2012,12.5,12.6,11.6,12.35,12.0,27.4,8.2,4384,53071.5,20.0,12.11,EQ
16-07-2012,12.5,12.9,11.0,11.95,12.05,27.4,8.2,5141,61453.05,32.0,11.95,EQ
17-07-2012,11.5,12.2,11.5,11.55,11.55,27.4,8.2,1907,22322.7,8.0,11.71,EQ
18-07-2012,11.4,12.2,11.3,11.6,11.4,27.4,8.2,6644,76998.25,55.0,11.59,EQ
19-07-2012,11.1,11.7,11.1,11.4,11.4,27.4,8.2,3247,37271.95,23.0,11.48,EQ
20-07-2012,11.15,11.5,11.15,11.25,11.25,27.4,8.2,1431,16021.0,12.0,11.2,EQ
23-07-2012,11.15,11.45,11.0,11.45,11.45,27.4,8.2,11090,122694.75,41.0,11.06,EQ
24-07-2012,11.0,11.45,11.0,11.1,11.15,27.4,8.2,6873,76022.3,40.0,11.06,EQ
25-07-2012,11.0,11.4,10.0,10.35,10.4,27.4,8.2,8685,91535.05,79.0,10.54,EQ
26-07-2012,10.7,10.7,9.8,10.0,10.0,27.4,8.2,2906,29344.65,22.0,10.1,EQ
27-07-2012,9.6,10.9,9.6,10.4,10.05,27.4,8.2,3959,39864.45,34.0,10.07,EQ
30-07-2012,10.05,11.2,9.8,10.1,10.4,27.4,8.2,11378,118466.3,75.0,10.41,EQ
31-07-2012,9.8,10.3,9.75,10.1,10.2,27.4,8.2,3691,36529.5,49.0,9.9,EQ
01-08-2012,10.0,10.0,9.7,9.9,9.9,27.4,8.2,6577,65327.9,28.0,9.93,EQ
02-08-2012,10.0,10.0,9.8,9.9,9.9,27.4,8.2,1233,12110.0,7.0,9.82,EQ
03-08-2012,9.75,10.75,9.6,10.4,10.4,27.4,8.2,4573,46139.75,31.0,10.09,EQ
06-08-2012,10.4,10.5,9.5,10.0,10.0,27.4,8.2,12891,127482.7,73.0,9.89,EQ
07-08-2012,10.0,10.1,10.0,10.05,10.05,27.4,8.2,470,4715.95,8.0,10.03,EQ
08-08-2012,10.1,10.3,9.9,9.95,9.95,27.4,8.2,2926,29361.9,23.0,10.03,EQ
09-08-2012,9.7,10.4,9.7,9.85,9.85,27.4,8.2,2862,28400.0,23.0,9.92,EQ
10-08-2012,10.0,10.0,9.7,9.8,9.7,27.4,8.2,891,8733.0,12.0,9.8,EQ
13-08-2012,9.95,10.0,9.0,9.25,9.15,27.4,8.2,8575,80223.8,76.0,9.36,EQ
14-08-2012,9.0,9.8,9.0,9.55,9.8,27.4,8.2,4869,45398.1,58.0,9.32,EQ
16-08-2012,9.35,9.55,9.05,9.15,9.05,27.4,8.2,2479,22791.65,43.0,9.19,EQ
17-08-2012,9.35,9.4,9.1,9.2,9.2,27.4,8.2,750,6941.6,11.0,9.26,EQ
21-08-2012,9.25,11.0,9.25,10.9,11.0,27.4,8.2,26416,279406.2,221.0,10.58,EQ
22-08-2012,10.5,11.75,10.5,11.05,10.85,27.4,8.2,29131,329724.75,189.0,11.32,EQ
23-08-2012,10.25,11.1,10.25,10.95,11.0,27.4,8.2,6629,72167.85,35.0,10.89,EQ
24-08-2012,10.55,11.1,10.25,10.9,10.9,27.4,8.2,6540,70291.05,50.0,10.75,EQ
27-08-2012,11.1,11.1,9.95,10.0,9.95,27.4,8.3,7108,72994.8,72.0,10.27,EQ
28-08-2012,9.65,10.7,9.65,10.5,10.5,27.4,8.3,6060,62063.3,56.0,10.24,EQ
29-08-2012,10.9,11.5,10.7,10.8,10.95,27.4,8.3,16021,175658.15,160.0,10.96,EQ
30-08-2012,10.15,11.3,10.15,11.1,11.3,27.4,8.3,9917,110280.65,112.0,11.12,EQ
31-08-2012,10.55,11.2,10.55,11.15,11.05,27.4,8.3,5244,58145.4,17.0,11.09,EQ
03-09-2012,11.0,11.85,11.0,11.05,11.0,27.4,9.0,7833,89314.3,48.0,11.4,EQ
04-09-2012,11.0,13.25,11.0,12.4,12.2,27.4,9.0,36717,444466.15,177.0,12.11,EQ
05-09-2012,12.85,13.7,12.5,13.0,12.8,27.4,9.0,21794,283746.2,135.0,13.02,EQ
06-09-2012,13.0,14.6,13.0,14.15,14.15,27.4,9.0,30518,418904.5,192.0,13.73,EQ
07-09-2012,14.8,16.0,14.15,15.1,14.95,27.4,9.0,45434,683939.9,283.0,15.05,EQ
08-09-2012,15.9,15.9,14.5,15.45,15.0,27.4,9.0,6608,101206.9,39.0,15.32,EQ
10-09-2012,15.0,15.4,14.5,14.5,14.55,27.4,9.0,13746,202605.95,68.0,14.74,EQ
11-09-2012,14.2,14.2,13.5,13.7,13.6,27.4,9.0,27350,375355.5,109.0,13.72,EQ
12-09-2012,13.25,13.9,12.6,12.75,12.8,27.4,9.0,17812,228937.3,112.0,12.85,EQ
13-09-2012,12.5,13.5,12.5,13.0,13.15,27.4,9.0,8906,115741.5,58.0,13.0,EQ
14-09-2012,13.15,13.5,11.85,12.05,12.1,27.4,9.0,22606,284102.85,178.0,12.57,EQ
17-09-2012,12.0,12.65,11.6,12.35,12.25,27.4,9.0,12590,155734.35,93.0,12.37,EQ
18-09-2012,12.0,12.9,12.0,12.7,12.9,27.4,9.0,10520,130560.85,108.0,12.41,EQ
20-09-2012,13.0,13.3,12.55,13.2,13.3,27.4,9.0,6405,84265.7,53.0,13.16,EQ
21-09-2012,13.05,13.5,13.0,13.35,13.5,27.4,9.0,8231,108730.4,51.0,13.21,EQ
24-09-2012,13.05,13.8,12.7,13.1,13.25,27.4,9.0,26487,341773.7,165.0,12.9,EQ
25-09-2012,13.25,13.5,13.0,13.3,13.2,27.4,9.0,6471,85812.5,64.0,13.26,EQ
26-09-2012,12.8,13.45,12.8,13.0,13.0,27.4,9.0,2112,27417.1,27.0,12.98,EQ
27-09-2012,12.7,13.25,12.5,12.8,12.8,27.4,9.0,4817,62199.35,56.0,12.91,EQ
28-09-2012,12.9,13.2,12.5,12.7,12.7,27.4,9.0,5119,65232.55,54.0,12.74,EQ
01-10-2012,13.0,13.25,12.4,13.0,13.0,27.4,9.0,8234,104857.0,65.0,12.73,EQ
03-10-2012,12.7,13.25,12.6,12.95,13.05,27.4,9.0,8975,115807.6,56.0,12.9,EQ
04-10-2012,13.05,13.35,12.9,12.95,12.95,27.4,9.0,11790,155074.85,94.0,13.15,EQ
05-10-2012,12.75,13.0,12.75,12.85,12.85,27.4,9.0,2284,29445.4,20.0,12.89,EQ
08-10-2012,12.5,12.6,12.4,12.55,12.55,27.4,9.0,2210,27646.95,28.0,12.51,EQ
09-10-2012,13.15,13.15,11.95,12.15,12.15,27.4,9.0,36887,446699.45,212.0,12.11,EQ
10-10-2012,12.55,12.7,11.75,12.4,12.7,27.4,9.0,10892,135139.25,76.0,12.41,EQ
11-10-2012,11.9,12.6,11.85,12.25,12.3,27.4,9.0,5264,64126.45,109.0,12.18,EQ
12-10-2012,12.4,12.75,12.0,12.15,12.15,27.4,9.0,2128,26105.0,27.0,12.27,EQ
15-10-2012,12.15,12.7,12.1,12.4,12.4,27.4,9.0,3001,37212.45,52.0,12.4,EQ
16-10-2012,12.15,12.8,12.15,12.7,12.7,27.4,9.0,1626,20485.55,31.0,12.6,EQ
17-10-2012,12.85,12.85,12.1,12.2,12.25,27.4,9.0,3787,46406.15,73.0,12.25,EQ
18-10-2012,12.65,12.65,12.05,12.45,12.45,27.4,9.0,909,11234.8,33.0,12.36,EQ
19-10-2012,12.7,12.95,12.25,12.7,12.95,27.4,9.0,8339,105165.15,91.0,12.61,EQ
22-10-2012,12.2,13.3,12.15,13.3,13.3,24.75,9.0,18737,246875.15,49.0,13.18,EQ
23-10-2012,13.95,13.95,13.4,13.95,13.95,24.75,9.0,33025,460169.0,67.0,13.93,EQ
25-10-2012,14.6,14.6,14.35,14.6,14.6,24.75,9.0,60057,873990.1,114.0,14.55,EQ
26-10-2012,15.25,15.3,15.25,15.3,15.3,24.75,9.0,11881,181729.3,35.0,15.3,EQ
29-10-2012,15.4,16.05,14.55,14.85,15.2,24.75,9.0,56880,882575.6,239.0,15.52,EQ
30-10-2012,14.55,15.55,14.15,14.8,14.6,24.75,9.0,41830,626394.65,203.0,14.97,EQ
31-10-2012,14.5,15.5,14.2,14.45,14.3,24.75,9.0,37823,565330.35,255.0,14.95,EQ
01-11-2012,14.45,14.95,13.75,14.1,14.1,24.75,9.0,7990,112980.1,60.0,14.14,EQ
02-11-2012,14.45,14.8,14.45,14.8,14.8,24.75,9.0,19315,284433.5,63.0,14.73,EQ
05-11-2012,15.5,15.5,15.5,15.5,15.5,24.75,9.0,16255,251952.5,52.0,15.5,EQ
06-11-2012,16.25,16.25,16.25,16.25,16.25,24.75,9.0,17138,278492.5,34.0,16.25,EQ
07-11-2012,17.05,17.05,16.05,17.05,17.05,24.75,9.0,87296,1487893.95,145.0,17.04,EQ
08-11-2012,17.5,17.9,16.3,17.8,17.75,24.75,9.0,66248,1154829.0,362.0,17.43,EQ
09-11-2012,17.65,17.8,16.95,17.55,16.95,24.75,9.0,33472,580468.8,205.0,17.34,EQ
12-11-2012,17.5,18.4,17.3,17.85,17.35,24.4,9.0,136963,2452122.55,182.0,17.9,EQ
13-11-2012,18.2,18.7,18.0,18.4,18.4,24.4,9.0,35285,652643.15,185.0,18.5,EQ
15-11-2012,18.0,18.5,17.5,17.5,17.5,24.4,9.0,4020,70572.25,36.0,17.56,EQ
16-11-2012,17.0,18.0,16.7,17.25,16.8,24.4,9.0,18658,321150.05,200.0,17.21,EQ
19-11-2012,18.0,18.0,16.6,17.35,17.5,19.0,9.0,4134,71737.5,26.0,17.35,EQ
20-11-2012,16.55,16.95,16.5,16.5,16.5,19.0,9.0,5049,83749.35,36.0,16.59,EQ
21-11-2012,15.75,17.3,15.75,16.2,15.8,19.0,9.0,34302,574699.1,195.0,16.75,EQ
22-11-2012,16.5,17.0,15.9,16.35,16.2,19.0,9.0,12474,202896.15,130.0,16.27,EQ
23-11-2012,16.0,16.7,15.6,16.05,16.3,19.0,9.0,17130,275660.5,104.0,16.09,EQ
26-11-2012,16.6,16.85,16.25,16.8,16.8,18.7,9.0,63328,1061442.8,103.0,16.76,EQ
27-11-2012,17.55,17.55,17.0,17.2,17.4,18.7,9.0,3467,59669.55,53.0,17.21,EQ
29-11-2012,16.95,17.4,16.55,16.75,16.55,18.7,9.0,10857,184635.85,80.0,17.01,EQ
30-11-2012,16.0,17.05,16.0,16.85,17.0,18.7,9.0,8763,145131.25,57.0,16.56,EQ
03-12-2012,16.05,16.1,16.05,16.05,16.05,18.7,9.0,2263,36386.15,12.0,16.08,BE
04-12-2012,15.55,16.0,15.25,15.35,15.75,18.7,9.0,5898,92297.95,32.0,15.65,BE
05-12-2012,16.1,16.1,14.65,15.65,15.65,18.7,9.0,6763,105650.75,35.0,15.62,BE
06-12-2012,14.9,16.0,14.9,14.95,14.95,18.7,9.0,6481,97632.2,23.0,15.06,BE
07-12-2012,14.95,14.95,14.25,14.25,14.25,18.7,9.0,11903,169853.2,37.0,14.27,BE
10-12-2012,14.85,14.95,13.6,13.8,14.0,18.7,9.0,16643,236668.0,86.0,14.22,BE
11-12-2012,13.15,14.25,13.15,13.4,13.4,18.7,9.0,2681,35880.55,18.0,13.38,BE
12-12-2012,13.4,14.05,12.75,14.0,14.0,18.7,9.0,15280,202330.5,80.0,13.24,BE
13-12-2012,13.75,14.7,13.75,14.7,14.7,18.7,9.0,9153,134017.05,46.0,14.64,BE
14-12-2012,14.0,15.4,14.0,15.05,15.0,18.7,9.0,3484,51344.3,37.0,14.74,BE
17-12-2012,14.5,14.55,14.3,14.3,14.3,18.7,9.0,2200,31810.0,17.0,14.46,BE
18-12-2012,13.9,15.0,13.9,14.9,14.9,18.7,9.0,1101,16390.9,6.0,14.89,BE
19-12-2012,14.5,14.75,14.2,14.2,14.2,18.7,9.0,1441,20772.75,13.0,14.42,BE
20-12-2012,14.0,14.85,14.0,14.7,14.7,18.7,9.0,1747,24901.0,15.0,14.25,BE
21-12-2012,14.15,14.5,14.0,14.5,14.5,18.7,9.0,13879,199714.45,45.0,14.39,BE
24-12-2012,14.5,15.0,14.2,15.0,15.0,18.7,9.0,999,14345.5,12.0,14.36,BE
26-12-2012,14.25,15.0,14.25,14.75,14.45,18.7,9.0,4898,72050.9,34.0,14.71,BE
27-12-2012,14.15,14.9,14.05,14.9,14.9,18.7,9.0,1460,20666.0,5.0,14.15,BE
28-12-2012,14.25,14.25,14.2,14.2,14.2,18.7,9.0,1270,18094.0,6.0,14.25,BE
31-12-2012,13.6,14.1,13.5,13.95,13.95,18.7,9.0,8003,108865.1,29.0,13.6,BE
01-01-2013,13.5,13.5,13.3,13.3,13.3,18.7,9.0,6250,83175.2,20.0,13.31,BE
02-01-2013,13.85,13.95,12.75,13.95,13.95,18.7,9.0,8907,121228.4,35.0,13.61,BE
03-01-2013,14.5,14.6,13.3,14.5,14.6,18.7,9.0,8970,128731.6,85.0,14.35,BE
04-01-2013,14.55,15.2,13.8,15.05,15.2,18.7,9.0,8753,128985.45,74.0,14.74,BE
07-01-2013,15.25,15.75,15.0,15.3,15.3,18.7,9.0,14077,215856.95,94.0,15.33,BE
08-01-2013,15.0,15.35,14.55,14.55,14.55,18.7,9.0,15482,227630.45,66.0,14.7,BE
09-01-2013,14.6,15.0,13.85,14.95,15.0,18.7,9.0,16880,237218.0,54.0,14.05,BE
10-01-2013,14.4,15.25,14.25,14.95,14.3,18.7,9.0,22379,322545.8,94.0,14.41,BE
11-01-2013,14.25,15.15,14.25,14.25,14.25,18.7,9.0,10018,144017.3,33.0,14.38,BE
14-01-2013,13.6,14.85,13.55,14.2,14.5,18.7,9.0,71674,982381.4,76.0,13.71,BE
15-01-2013,13.5,14.9,13.5,14.7,14.8,18.7,9.0,39517,553789.55,58.0,14.01,BE
16-01-2013,15.35,15.35,14.0,15.0,15.1,18.7,9.0,19131,278323.0,41.0,14.55,BE
17-01-2013,14.25,15.75,14.25,15.55,15.75,18.7,9.0,31006,469227.3,57.0,15.13,BE
18-01-2013,16.1,16.3,15.2,16.2,16.3,18.7,9.0,67043,1032030.95,111.0,15.39,BE
21-01-2013,17.0,17.0,16.05,17.0,17.0,18.7,9.0,94441,1560506.2,198.0,16.52,BE
22-01-2013,17.8,17.85,17.05,17.85,17.85,18.7,9.0,54008,960167.85,170.0,17.78,BE
23-01-2013,18.65,18.7,17.0,18.65,18.7,18.7,9.0,48809,900842.8,154.0,18.46,BE
24-01-2013,19.4,19.4,17.75,18.65,18.0,19.4,9.0,17902,331044.7,78.0,18.49,BE
25-01-2013,18.25,19.55,17.8,19.3,18.9,19.55,9.0,55432,1034678.5,98.0,18.67,BE
28-01-2013,19.5,20.25,18.7,20.05,20.0,20.25,9.0,67134,1304423.85,82.0,19.43,BE
29-01-2013,20.9,21.05,19.05,20.9,21.05,21.05,9.0,60672,1208001.3,175.0,19.91,BE
30-01-2013,21.0,21.9,20.2,21.75,21.1,21.9,9.0,39391,825544.2,143.0,20.96,BE
31-01-2013,22.75,22.8,20.7,22.75,22.3,22.8,9.0,86881,1943273.1,170.0,22.37,BE
01-02-2013,22.75,23.5,21.9,22.85,22.0,23.5,9.0,51653,1169604.8,154.0,22.64,BE
04-02-2013,23.8,23.8,22.1,22.95,22.5,23.8,9.0,33638,764728.05,98.0,22.73,BE
05-02-2013,22.15,23.4,21.85,22.7,23.2,23.8,9.0,38136,850110.25,126.0,22.29,BE
06-02-2013,22.2,23.35,21.6,22.0,21.6,23.8,9.0,90442,1987926.65,111.0,21.98,BE
07-02-2013,21.5,21.5,20.9,21.05,20.9,23.8,9.0,63102,1322292.25,65.0,20.95,BE
08-02-2013,20.15,22.1,20.0,21.9,21.75,23.8,9.0,153749,3343155.4,238.0,21.74,BE
11-02-2013,21.0,22.95,21.0,22.85,22.95,23.8,9.0,71069,1614126.75,197.0,22.71,BE
12-02-2013,22.1,23.5,22.1,23.2,22.95,23.8,9.0,38729,890287.7,108.0,22.99,BE
13-02-2013,23.2,23.5,22.4,22.9,23.0,23.8,9.0,28429,653851.85,105.0,23.0,BE
14-02-2013,22.9,23.2,22.25,22.9,22.6,23.8,9.0,37757,867520.5,91.0,22.98,BE
15-02-2013,23.5,23.5,22.1,22.85,23.0,23.8,9.0,52547,1199134.9,170.0,22.82,BE
18-02-2013,23.0,23.95,22.8,23.95,23.95,23.95,9.0,50135,1189647.8,86.0,23.73,BE
19-02-2013,23.25,25.1,23.25,25.0,25.05,25.1,9.0,42698,1053567.85,140.0,24.67,BE
20-02-2013,25.0,26.25,25.0,26.0,25.65,26.25,9.0,157037,4066651.65,180.0,25.9,BE
21-02-2013,26.25,27.3,26.25,27.1,27.3,27.3,9.0,32904,886574.85,118.0,26.94,BE
22-02-2013,27.5,27.95,26.7,27.55,27.1,27.95,9.0,21939,598818.8,98.0,27.29,BE
25-02-2013,27.5,28.9,26.2,28.5,28.9,28.9,9.0,48327,1361605.1,174.0,28.17,BE
26-02-2013,29.0,29.9,27.65,29.5,29.9,29.9,9.0,38297,1136018.85,163.0,29.66,BE
27-02-2013,30.8,30.8,29.0,30.2,30.6,30.8,9.0,43881,1310372.7,174.0,29.86,BE
28-02-2013,31.5,31.7,30.5,31.45,31.7,31.7,9.0,81189,2568438.2,82.0,31.64,BE
01-03-2013,31.0,32.5,29.9,32.0,30.5,32.5,9.0,37095,1141724.1,114.0,30.78,BE
04-03-2013,33.2,33.6,30.4,33.3,33.6,33.6,9.0,81008,2656879.15,240.0,32.8,BE
05-03-2013,32.5,34.45,32.5,34.25,34.3,34.45,9.0,15990,546160.6,79.0,34.16,BE
06-03-2013,33.0,35.9,33.0,35.45,35.45,35.9,9.0,14508,513006.95,101.0,35.36,BE
07-03-2013,35.5,36.5,35.05,35.75,36.15,36.5,9.0,24962,893159.05,127.0,35.78,BE
08-03-2013,35.15,36.45,34.0,34.05,34.0,36.5,9.0,16541,579658.25,163.0,35.04,BE
11-03-2013,32.4,34.0,32.35,32.35,32.35,36.5,9.0,2852,93650.95,19.0,32.84,BE
12-03-2013,30.9,30.9,30.75,30.75,30.75,36.5,9.0,405,12457.5,6.0,30.76,BE
13-03-2013,29.25,29.25,29.25,29.25,29.25,36.5,9.0,500,14625.0,2.0,29.25,BE
14-03-2013,27.8,27.8,27.8,27.8,27.8,36.5,9.0,470,13066.0,4.0,27.8,BE
15-03-2013,26.45,26.45,26.45,26.45,26.45,36.5,9.0,420,11109.0,4.0,26.45,BE
18-03-2013,25.15,25.15,25.15,25.15,25.15,36.5,9.0,101,2540.15,2.0,25.15,BE
19-03-2013,23.9,23.9,23.9,23.9,23.9,36.5,9.0,109,2605.1,2.0,23.9,BE
20-03-2013,22.75,22.75,22.75,22.75,22.75,36.5,9.0,350,7962.5,4.0,22.75,BE
21-03-2013,21.65,23.65,21.65,22.4,23.4,36.5,9.0,59696,1299523.6,105.0,21.77,BE
22-03-2013,22.4,23.5,21.3,22.55,23.0,36.5,9.0,8001,174686.75,76.0,21.83,BE
25-03-2013,21.5,22.0,21.45,21.45,21.45,36.5,9.0,10385,223321.85,38.0,21.5,BE
26-03-2013,20.5,21.5,20.4,21.5,21.5,36.5,9.0,11690,243375.0,17.0,20.82,BE
28-03-2013,21.0,21.0,20.45,20.95,20.95,36.5,9.0,109,2233.65,4.0,20.49,BE
01-04-2013,19.95,20.0,19.95,20.0,20.0,36.5,9.0,1162,23198.9,13.0,19.96,BE
02-04-2013,19.75,21.0,19.75,21.0,21.0,36.5,9.0,2400,50173.0,20.0,20.91,BE
03-04-2013,22.05,22.05,22.05,22.05,22.05,36.5,9.0,433,9547.65,9.0,22.05,BE
04-04-2013,23.15,23.15,20.95,21.55,23.0,36.5,9.0,11943,264319.6,76.0,22.13,BE
05-04-2013,21.75,22.6,21.75,22.5,22.05,36.5,9.0,730,16170.6,16.0,22.15,BE
08-04-2013,21.75,23.45,21.75,23.35,23.4,36.5,9.0,3384,77277.3,25.0,22.84,BE
09-04-2013,24.0,24.5,22.55,24.25,24.35,36.5,9.0,8268,194062.3,78.0,23.47,BE
10-04-2013,25.0,25.2,23.45,24.95,25.0,36.5,9.0,7287,181057.85,50.0,24.85,BE
11-04-2013,24.0,25.25,24.0,25.25,25.25,36.5,9.0,1493,36716.7,7.0,24.59,BE
12-04-2013,24.1,25.8,24.1,25.1,25.2,36.5,9.0,4132,103461.25,23.0,25.04,BE
15-04-2013,24.2,25.4,24.2,25.25,25.2,36.5,9.0,1525,38377.25,12.0,25.17,BE
16-04-2013,24.3,24.75,24.05,24.25,24.05,36.5,9.0,18090,440101.9,32.0,24.33,BE
17-04-2013,23.4,23.4,23.25,23.25,23.25,36.5,9.0,2206,51349.5,8.0,23.28,BE
18-04-2013,22.75,22.75,22.75,22.75,22.75,36.5,9.0,560,12740.0,7.0,22.75,BE
22-04-2013,22.75,23.85,22.05,22.5,22.5,36.5,9.0,2205,49877.25,15.0,22.62,BE
23-04-2013,22.0,23.4,22.0,22.15,22.15,36.5,9.0,3235,73077.75,18.0,22.59,BE
25-04-2013,22.0,22.95,22.0,22.2,22.05,36.5,9.0,3816,84327.1,27.0,22.1,BE
26-04-2013,22.0,23.3,22.0,23.0,23.0,36.5,9.0,3639,82773.8,24.0,22.75,BE
29-04-2013,22.5,24.15,22.5,24.05,24.05,36.5,9.0,11356,272021.9,19.0,23.95,BE
30-04-2013,25.25,25.25,24.15,24.15,24.15,36.5,9.0,985,24530.25,7.0,24.9,BE
02-05-2013,24.15,25.35,23.75,24.0,24.0,36.5,9.0,12023,288345.6,22.0,23.98,BE
03-05-2013,23.4,23.4,23.0,23.0,23.0,36.5,9.0,3948,91106.0,9.0,23.08,BE
06-05-2013,23.0,23.0,22.05,22.55,22.55,36.5,9.0,2400,53437.5,10.0,22.27,BE
07-05-2013,22.25,22.25,22.0,22.0,22.0,36.5,9.0,5363,118354.75,16.0,22.07,BE
08-05-2013,22.3,23.0,22.05,22.4,22.25,36.5,9.0,10964,246571.65,13.0,22.49,BE
09-05-2013,22.0,22.0,22.0,22.0,22.0,36.5,9.0,396,8712.0,3.0,22.0,BE
10-05-2013,21.0,22.4,21.0,22.0,21.65,36.5,9.0,3073,66454.85,17.0,21.63,BE
13-05-2013,21.25,21.75,21.25,21.75,21.75,36.5,9.0,1760,38150.0,2.0,21.68,BE
14-05-2013,20.8,21.25,20.8,21.25,21.25,36.5,9.0,2129,45218.0,23.0,21.24,BE
15-05-2013,21.0,22.0,20.9,21.45,22.0,36.5,9.0,3596,76120.8,14.0,21.17,BE
16-05-2013,21.0,22.5,21.0,21.35,21.35,36.5,9.0,1912,40682.5,13.0,21.28,BE
17-05-2013,21.4,21.4,20.5,21.4,21.4,36.5,9.0,2324,49651.1,13.0,21.36,BE
20-05-2013,22.0,22.0,21.5,21.55,21.6,36.5,9.0,2905,62575.5,14.0,21.54,BE
21-05-2013,21.25,21.25,21.0,21.2,21.2,36.5,9.0,1650,35010.0,8.0,21.22,BE
22-05-2013,21.25,21.25,21.0,21.0,21.0,36.5,9.0,986,20871.25,5.0,21.17,BE
23-05-2013,21.0,22.05,20.1,21.0,21.0,36.5,9.0,3577,74496.75,24.0,20.83,BE
24-05-2013,20.0,22.0,20.0,22.0,22.0,36.5,9.0,1934,41710.95,12.0,21.57,BE
27-05-2013,21.05,22.0,21.05,21.75,21.75,36.5,9.0,2337,51061.55,9.0,21.85,BE
28-05-2013,21.5,22.5,21.25,21.55,21.55,36.5,9.0,2051,44156.0,20.0,21.53,BE
29-05-2013,20.5,22.6,20.5,22.6,22.6,36.5,9.0,3290,72828.5,16.0,22.14,BE
30-05-2013,22.3,22.55,22.3,22.5,22.5,36.5,9.0,4170,93875.0,34.0,22.51,BE
31-05-2013,22.15,22.25,22.05,22.2,22.05,36.5,9.0,4594,101710.8,14.0,22.14,BE
03-06-2013,21.3,23.3,21.3,23.3,23.3,36.5,9.0,3850,88695.0,8.0,23.04,BE
04-06-2013,23.5,24.45,23.5,24.0,24.0,36.5,9.0,5200,124867.5,31.0,24.01,BE
05-06-2013,23.9,23.9,23.55,23.55,23.55,36.5,9.0,190,4509.5,3.0,23.73,BE
06-06-2013,23.5,23.5,23.5,23.5,23.5,36.5,9.0,314,7379.0,4.0,23.5,BE
07-06-2013,23.25,23.9,22.45,23.9,23.9,36.5,9.0,5770,132545.0,9.0,22.97,BE
10-06-2013,22.75,23.05,22.75,23.0,23.0,36.5,9.0,3850,87655.0,9.0,22.77,BE
11-06-2013,23.0,24.15,23.0,24.15,24.15,36.5,9.0,1810,43266.0,12.0,23.9,BE
12-06-2013,23.1,25.35,23.1,25.3,25.35,36.5,9.0,5607,141614.2,43.0,25.26,BE
13-06-2013,24.35,26.45,24.35,26.15,26.45,36.5,9.0,5674,142572.1,10.0,25.13,BE
14-06-2013,26.0,27.45,25.5,27.1,27.1,36.5,9.0,35129,943075.35,150.0,26.85,EQ
17-06-2013,27.0,28.45,27.0,27.1,27.1,36.5,9.0,7760,212971.45,53.0,27.44,EQ
18-06-2013,27.1,28.0,27.1,27.5,27.5,36.5,9.0,5187,142067.2,18.0,27.39,EQ
19-06-2013,26.75,28.05,26.75,28.05,28.0,36.5,9.0,6748,185389.25,63.0,27.47,EQ
20-06-2013,27.0,29.25,27.0,28.65,28.8,36.5,9.0,6695,184139.65,85.0,27.5,EQ
21-06-2013,28.4,29.55,28.0,29.3,29.55,36.5,9.0,8070,230545.1,92.0,28.57,EQ
24-06-2013,30.0,30.0,28.05,29.05,29.0,36.5,9.0,6935,199533.75,56.0,28.77,EQ
25-06-2013,28.5,30.5,28.5,30.45,30.4,36.5,9.0,26716,791399.55,138.0,29.62,EQ
26-06-2013,30.5,31.5,29.75,30.0,30.0,36.5,9.0,17862,539192.45,158.0,30.19,EQ
27-06-2013,29.5,30.5,29.4,29.65,29.65,36.5,9.0,26223,780674.45,173.0,29.77,EQ
28-06-2013,29.25,29.75,28.25,28.8,28.25,36.5,9.0,13370,391339.0,71.0,29.27,EQ
01-07-2013,27.5,28.9,27.4,28.0,28.0,36.5,9.0,9731,270180.9,63.0,27.76,EQ
02-07-2013,27.0,27.95,26.75,27.5,27.5,36.5,9.0,9270,251698.4,73.0,27.15,EQ
03-07-2013,26.75,27.85,26.7,26.75,26.75,36.5,9.0,6590,178229.2,33.0,27.05,EQ
04-07-2013,27.45,27.45,26.05,26.55,26.55,36.5,9.0,4941,131558.95,23.0,26.63,EQ
05-07-2013,26.5,27.05,26.4,26.65,26.5,36.5,9.0,10900,291076.25,49.0,26.7,EQ
09-07-2013,25.25,25.25,25.25,25.25,25.25,36.5,9.0,800,20200.0,8.0,25.25,EQ
10-07-2013,24.1,25.5,24.1,25.5,25.5,36.5,9.0,4590,115679.0,25.0,25.2,EQ
11-07-2013,25.8,26.7,25.8,26.7,26.7,36.5,9.0,5369,141614.4,64.0,26.38,EQ
12-07-2013,27.4,29.0,27.4,29.0,29.0,36.5,9.0,10181,288909.15,64.0,28.38,EQ
15-07-2013,29.1,29.3,29.1,29.3,29.3,36.5,9.0,10073,294588.3,65.0,29.25,EQ
16-07-2013,28.2,32.0,28.2,31.5,31.5,36.5,9.0,8850,278620.0,19.0,31.48,EQ
17-07-2013,29.4,30.0,28.9,30.0,30.0,36.5,9.0,11073,324998.6,44.0,29.35,EQ
18-07-2013,29.0,30.75,28.9,30.75,30.75,36.5,9.0,6425,187942.5,82.0,29.25,EQ
19-07-2013,29.35,29.4,29.35,29.4,29.4,36.5,9.0,10990,322956.5,52.0,29.39,EQ
22-07-2013,29.15,29.25,28.9,29.1,29.1,36.5,9.0,9600,279215.0,60.0,29.08,EQ
23-07-2013,28.7,28.8,28.5,28.75,28.75,36.5,9.0,9480,271770.0,91.0,28.67,EQ
24-07-2013,28.7,28.95,28.7,28.95,28.95,36.5,9.0,9020,260126.5,53.0,28.84,EQ
25-07-2013,28.95,29.0,28.65,28.9,28.9,36.5,9.0,8643,249535.2,83.0,28.87,EQ
26-07-2013,28.75,29.0,28.75,28.95,28.95,36.5,9.0,9247,267125.5,99.0,28.89,EQ
29-07-2013,28.25,28.95,28.25,28.95,28.95,36.5,9.0,8414,241407.5,38.0,28.69,EQ
30-07-2013,28.75,28.95,28.5,28.5,28.5,36.5,9.0,7500,215685.0,42.0,28.76,EQ
31-07-2013,28.5,28.6,28.4,28.5,28.5,36.5,9.0,13025,371157.5,35.0,28.5,EQ
01-08-2013,28.5,28.5,28.2,28.45,28.45,36.5,9.0,14084,400036.05,32.0,28.4,EQ
02-08-2013,28.2,28.3,28.15,28.2,28.2,36.5,9.0,11791,332761.65,29.0,28.22,EQ
05-08-2013,28.05,28.05,26.4,26.95,26.95,36.5,9.0,16414,446347.7,19.0,27.19,EQ
06-08-2013,26.7,26.8,25.05,26.8,26.8,36.5,9.0,22477,592787.5,74.0,26.37,EQ
07-08-2013,26.6,27.5,26.25,27.5,27.5,36.5,9.0,6758,179941.0,47.0,26.63,EQ
08-08-2013,27.05,27.5,27.0,27.1,27.1,36.5,9.0,7100,192750.0,32.0,27.15,EQ
12-08-2013,27.25,27.25,27.0,27.0,27.0,36.5,9.0,8129,219972.6,44.0,27.06,EQ
13-08-2013,27.0,27.0,26.6,27.0,27.0,36.5,9.0,10069,271683.0,51.0,26.98,EQ
14-08-2013,27.0,27.0,27.0,27.0,27.0,36.5,9.0,10003,270081.0,46.0,27.0,EQ
16-08-2013,27.0,27.0,26.8,27.0,27.0,36.5,9.0,8593,231611.0,45.0,26.95,EQ
19-08-2013,26.9,27.0,26.8,26.8,26.8,36.5,9.25,12455,334985.0,18.0,26.9,EQ
20-08-2013,27.0,27.0,26.9,26.9,26.9,36.5,9.25,10200,274780.0,9.0,26.94,EQ
21-08-2013,26.9,26.9,26.75,26.8,26.8,36.5,9.25,12225,328202.5,6.0,26.85,EQ
22-08-2013,26.4,26.9,26.3,26.3,26.3,36.5,9.25,10575,280462.5,33.0,26.52,EQ
23-08-2013,26.95,27.05,26.9,26.9,26.9,36.5,9.25,7052,190032.8,140.0,26.95,EQ
26-08-2013,26.9,27.0,26.8,26.8,26.8,36.5,9.65,11750,316133.0,49.0,26.9,EQ
27-08-2013,26.7,26.9,26.2,26.55,26.55,36.5,9.65,11840,316500.5,47.0,26.73,EQ
28-08-2013,26.8,27.0,26.7,27.0,27.0,36.5,9.65,10983,294357.0,53.0,26.8,EQ
29-08-2013,26.9,27.0,26.9,27.0,27.0,36.5,9.65,11520,310088.0,11.0,26.92,EQ
30-08-2013,26.7,27.0,26.7,27.0,27.0,36.5,9.65,11180,299833.0,14.0,26.82,EQ
02-09-2013,26.7,27.0,26.6,26.9,26.9,36.5,11.0,13110,351738.0,16.0,26.83,EQ
03-09-2013,26.8,26.9,26.8,26.9,26.9,36.5,11.0,15020,403624.0,11.0,26.87,EQ
04-09-2013,26.9,26.95,26.8,26.95,26.95,36.5,11.0,13920,374508.5,24.0,26.9,EQ
05-09-2013,26.9,26.9,26.65,26.65,26.65,36.5,11.0,15380,412222.0,8.0,26.8,EQ
06-09-2013,26.85,27.0,26.5,26.5,26.5,36.5,11.0,15480,415260.0,13.0,26.83,EQ
10-09-2013,26.8,27.0,25.0,27.0,27.0,36.5,11.6,10470,280840.0,64.0,26.82,EQ
11-09-2013,26.9,27.0,26.9,27.0,27.0,36.5,11.6,19923,537010.0,14.0,26.95,EQ
12-09-2013,26.9,27.0,26.8,27.0,27.0,36.5,11.6,22611,607974.9,16.0,26.89,EQ
13-09-2013,26.9,27.0,24.05,24.05,24.05,36.5,11.6,25971,698852.9,20.0,26.91,EQ
16-09-2013,26.8,26.9,26.7,26.7,26.7,36.5,11.6,23280,623584.0,16.0,26.79,EQ
17-09-2013,26.8,26.9,26.8,26.8,26.8,36.5,11.6,28045,752006.0,22.0,26.81,EQ
18-09-2013,26.85,26.9,25.55,25.55,25.55,36.5,11.6,20700,555145.0,13.0,26.82,EQ
19-09-2013,26.85,27.1,26.75,26.95,26.95,36.5,11.6,20529,551810.45,12.0,26.88,EQ
20-09-2013,26.9,26.9,26.85,26.9,26.9,36.5,11.6,17584,472754.6,51.0,26.89,EQ
23-09-2013,26.9,26.9,26.8,26.85,26.85,36.5,11.75,15400,413800.0,8.0,26.87,EQ
24-09-2013,26.85,26.85,26.8,26.85,26.85,36.5,11.75,17275,463658.75,79.0,26.84,EQ
25-09-2013,26.8,26.85,26.8,26.85,26.85,36.5,11.75,12804,343632.9,51.0,26.84,EQ
26-09-2013,26.85,26.85,26.85,26.85,26.85,36.5,11.75,12915,346767.75,6.0,26.85,EQ
27-09-2013,26.85,26.85,26.6,26.6,26.6,36.5,11.75,13948,374479.55,162.0,26.85,EQ
30-09-2013,26.85,26.85,26.5,26.5,26.5,36.5,11.75,13875,372508.75,24.0,26.85,EQ
01-10-2013,26.8,26.8,26.8,26.8,26.8,36.5,11.75,13080,350544.0,75.0,26.8,EQ
03-10-2013,26.9,26.9,26.5,26.5,26.5,36.5,11.75,13090,351795.75,29.0,26.88,EQ
04-10-2013,26.8,26.85,26.5,26.8,26.8,36.5,11.75,13163,352695.4,61.0,26.79,EQ
07-10-2013,26.8,26.85,26.8,26.85,26.85,36.5,11.75,13255,355691.25,10.0,26.83,EQ
08-10-2013,26.9,26.9,26.6,26.6,26.6,36.5,11.75,14130,379354.0,61.0,26.85,EQ
09-10-2013,26.85,26.85,26.6,26.6,26.6,36.5,11.75,15165,406537.25,6.0,26.81,EQ
10-10-2013,26.8,26.8,26.6,26.6,26.6,36.5,11.75,12059,323181.0,6.0,26.8,EQ
11-10-2013,26.8,26.8,26.75,26.75,26.75,36.5,11.75,11260,301576.75,3.0,26.78,EQ
14-10-2013,26.8,26.8,26.6,26.7,26.7,36.5,12.05,12200,326360.0,9.0,26.75,EQ
15-10-2013,26.65,26.7,26.5,26.6,26.6,36.5,12.05,14360,382792.5,12.0,26.66,EQ
17-10-2013,26.7,26.75,26.55,26.6,26.6,36.5,12.05,15150,403862.5,12.0,26.66,EQ
18-10-2013,26.7,26.75,26.65,26.7,26.7,36.5,12.05,13380,357256.0,152.0,26.7,EQ
21-10-2013,26.75,26.75,26.6,26.6,26.6,36.5,12.15,12605,336731.5,6.0,26.71,EQ
22-10-2013,26.75,26.85,23.15,26.85,26.85,36.5,12.15,12950,345920.5,10.0,26.71,EQ
23-10-2013,26.8,26.8,26.8,26.8,26.8,36.5,12.15,12280,329104.0,4.0,26.8,EQ
24-10-2013,26.8,26.8,26.6,26.6,26.6,36.5,12.15,13000,348065.0,5.0,26.77,EQ
25-10-2013,26.75,26.75,26.7,26.7,26.7,36.5,12.15,10510,280992.5,7.0,26.74,EQ
28-10-2013,26.75,26.75,26.7,26.7,26.7,36.5,12.75,12380,330951.0,9.0,26.73,EQ
29-10-2013,26.75,32.0,26.7,26.7,26.7,36.5,12.75,11405,304615.0,5.0,26.71,EQ
30-10-2013,26.75,26.75,26.6,26.7,26.7,36.5,12.75,10820,288984.0,6.0,26.71,EQ
31-10-2013,26.75,26.75,26.75,26.75,26.75,36.5,12.75,8600,230050.0,40.0,26.75,EQ
01-11-2013,26.75,26.75,26.75,26.75,26.75,36.5,12.75,10000,267500.0,7.0,26.75,EQ
03-11-2013,26.85,26.85,26.85,26.85,26.85,36.5,12.75,3473,93250.05,7.0,26.85,EQ
05-11-2013,26.8,26.8,26.0,26.8,26.8,36.5,12.75,10508,279836.85,164.0,26.63,EQ
06-11-2013,26.8,26.8,26.75,26.8,26.8,36.5,12.75,10000,267800.0,5.0,26.78,EQ
07-11-2013,26.6,26.8,26.5,26.8,26.8,36.5,12.75,12568,335002.0,6.0,26.66,EQ
08-11-2013,26.6,26.6,26.5,26.5,26.5,36.5,12.75,10700,284270.0,8.0,26.57,EQ
11-11-2013,26.5,26.5,26.4,26.4,26.4,36.5,12.75,10500,278000.0,6.0,26.48,EQ
12-11-2013,26.5,26.5,26.4,26.4,26.4,36.5,12.75,11303,299329.5,172.0,26.48,EQ
13-11-2013,26.3,26.7,26.3,26.7,26.7,36.5,12.75,12680,335906.0,47.0,26.49,EQ
14-11-2013,26.7,26.7,26.6,26.7,26.7,36.5,12.75,10491,279709.7,185.0,26.66,EQ
18-11-2013,26.7,26.7,26.7,26.7,26.7,36.5,12.75,9999,266973.3,37.0,26.7,EQ
19-11-2013,26.7,26.7,26.7,26.7,26.7,36.5,12.75,10130,270471.0,232.0,26.7,EQ
20-11-2013,26.7,26.7,26.7,26.7,26.7,36.5,12.75,10600,283020.0,120.0,26.7,EQ
21-11-2013,26.5,26.8,26.5,26.6,26.6,36.5,12.75,9492,253191.8,189.0,26.67,EQ
22-11-2013,26.65,26.7,26.65,26.65,26.65,36.5,12.75,12000,320050.0,155.0,26.67,EQ
25-11-2013,26.6,26.65,26.6,26.6,26.6,36.5,12.75,10500,279425.0,238.0,26.61,EQ
26-11-2013,26.6,26.7,26.6,26.7,26.7,36.5,12.75,11846,315268.6,164.0,26.61,EQ
27-11-2013,26.7,26.7,26.65,26.7,26.7,36.5,12.75,10545,281301.5,174.0,26.68,EQ
28-11-2013,26.65,26.65,26.3,26.3,26.3,36.5,12.75,11328,300186.45,163.0,26.5,EQ
29-11-2013,26.7,26.7,26.5,26.5,26.5,36.5,12.75,5008,133093.6,191.0,26.58,EQ
02-12-2013,26.5,26.6,26.5,26.6,26.6,36.5,12.75,2656,70399.6,173.0,26.51,EQ
03-12-2013,28.7,28.7,26.3,26.45,26.45,36.5,12.75,2364,64627.8,117.0,27.34,EQ
04-12-2013,26.5,26.5,26.5,26.5,26.5,36.5,12.75,175,4637.5,2.0,26.5,EQ
05-12-2013,28.0,28.0,27.0,27.0,27.0,36.5,12.75,3942,107434.0,137.0,27.25,EQ
06-12-2013,26.65,26.65,26.65,26.65,26.65,36.5,12.75,3000,79950.0,41.0,26.65,EQ
09-12-2013,26.4,26.55,26.4,26.45,26.45,36.5,12.75,7324,193853.2,19.0,26.47,EQ
10-12-2013,26.8,27.0,26.7,27.0,27.0,36.5,12.75,6700,179783.7,139.0,26.83,EQ
11-12-2013,27.15,27.3,27.0,27.25,27.25,36.5,12.75,10540,286541.5,164.0,27.19,EQ
12-12-2013,26.35,27.05,26.35,27.05,27.05,36.5,12.75,10404,279069.3,28.0,26.82,EQ
13-12-2013,27.0,27.15,26.95,27.0,27.0,36.5,12.75,13990,377990.0,112.0,27.02,EQ
16-12-2013,27.1,27.1,26.8,27.0,27.0,36.5,12.75,8397,226053.4,24.0,26.92,EQ
17-12-2013,26.75,27.15,26.7,27.05,27.05,36.5,12.75,11255,302340.3,262.0,26.86,EQ
18-12-2013,26.8,27.0,26.65,26.65,26.65,36.5,12.75,11537,309659.6,291.0,26.84,EQ
19-12-2013,26.9,27.0,26.75,27.0,27.0,36.5,12.75,15842,425539.0,201.0,26.86,EQ
20-12-2013,26.75,27.1,26.75,26.95,26.95,36.5,12.75,16579,446763.9,294.0,26.95,EQ
23-12-2013,26.85,27.05,26.85,27.05,27.05,36.5,12.75,15264,410811.0,251.0,26.91,EQ
24-12-2013,27.1,27.1,26.0,26.0,26.0,36.5,12.75,19018,510304.05,228.0,26.83,EQ
26-12-2013,27.0,27.15,26.85,27.15,27.15,36.5,12.75,20337,548549.8,153.0,26.97,EQ
27-12-2013,27.0,28.05,26.8,28.0,28.0,36.5,12.75,27333,741573.25,230.0,27.13,EQ
30-12-2013,26.95,28.0,26.95,28.0,28.0,36.5,12.75,31925,869116.25,218.0,27.22,EQ
31-12-2013,27.15,27.2,27.05,27.15,27.15,36.5,12.75,32243,874925.9,107.0,27.14,EQ
01-01-2014,26.95,27.1,26.9,27.1,27.1,36.5,12.75,34109,919805.4,1443.0,26.97,EQ
02-01-2014,26.75,27.0,26.65,27.0,27.0,36.5,12.75,29363,784855.15,2218.0,26.73,EQ
03-01-2014,26.85,27.0,26.85,27.0,27.0,36.5,12.75,33167,893026.4,563.0,26.93,EQ
06-01-2014,26.9,27.0,26.8,26.95,26.95,36.5,13.5,34244,922074.3,268.0,26.93,EQ
07-01-2014,26.95,27.1,26.95,27.1,27.1,36.5,13.5,34775,938430.0,138.0,26.99,EQ
08-01-2014,27.05,27.1,26.95,27.0,27.0,36.5,13.5,36451,984923.95,703.0,27.02,EQ
09-01-2014,26.95,27.05,26.95,27.05,27.05,36.5,13.5,37433,1009827.2,403.0,26.98,EQ
10-01-2014,26.95,27.0,26.95,27.0,27.0,36.5,13.5,43814,1182702.25,543.0,26.99,EQ
13-01-2014,27.2,27.65,26.55,27.0,27.0,36.5,13.5,44692,1210553.4,218.0,27.09,EQ
14-01-2014,27.1,27.4,26.0,27.0,26.95,36.5,13.5,18219,492600.85,333.0,27.04,EQ
15-01-2014,27.15,27.25,26.35,26.9,26.9,36.5,13.5,48766,1305474.6,442.0,26.77,EQ
16-01-2014,25.0,26.8,25.0,26.45,26.45,36.5,13.5,37322,985350.1,239.0,26.4,EQ
17-01-2014,27.0,27.0,24.1,26.0,26.0,36.5,13.5,25204,656987.35,299.0,26.07,EQ
20-01-2014,26.3,26.9,22.8,25.55,25.55,36.5,16.05,34561,916353.45,163.0,26.51,EQ
21-01-2014,26.4,26.5,24.05,24.95,25.95,36.5,16.05,16707,437559.7,464.0,26.19,EQ
22-01-2014,25.8,25.85,24.7,24.75,24.8,36.5,16.05,24574,615296.75,298.0,25.04,EQ
23-01-2014,24.6,25.0,24.0,24.45,24.45,36.5,16.05,19684,486692.9,314.0,24.73,EQ
24-01-2014,24.55,24.55,22.9,23.5,22.9,36.5,16.05,18726,452433.1,209.0,24.16,EQ
27-01-2014,22.0,27.0,22.0,24.25,24.25,36.5,18.7,25002,607038.15,240.0,24.28,EQ
28-01-2014,23.0,25.35,23.0,24.5,24.5,36.5,18.7,19568,478965.55,219.0,24.48,EQ
29-01-2014,24.0,24.9,24.0,24.7,24.8,36.5,18.7,17208,424379.8,281.0,24.66,EQ
30-01-2014,24.5,24.8,23.0,23.5,23.5,36.5,18.7,34521,825343.9,303.0,23.91,EQ
31-01-2014,24.45,26.3,23.9,26.0,25.8,36.5,18.7,26756,681704.55,272.0,25.48,EQ
03-02-2014,25.9,26.25,24.0,25.3,25.25,36.5,19.75,36085,904134.05,191.0,25.06,EQ
04-02-2014,25.3,26.0,24.0,24.5,24.5,36.5,19.75,28036,693865.75,224.0,24.75,EQ
05-02-2014,24.55,25.0,24.25,24.4,24.35,36.5,19.75,13312,328580.95,134.0,24.68,EQ
06-02-2014,24.6,26.85,24.3,24.7,24.8,36.5,19.75,15036,371403.95,163.0,24.7,EQ
07-02-2014,25.0,26.0,24.35,24.6,24.65,36.5,19.75,15395,379791.55,168.0,24.67,EQ
10-02-2014,24.6,26.45,24.35,24.35,24.35,36.5,19.75,14186,354592.45,122.0,25.0,EQ
11-02-2014,23.0,25.1,23.0,24.4,24.0,36.5,19.75,13567,333212.6,174.0,24.56,EQ
12-02-2014,24.75,25.1,23.8,24.3,24.3,36.5,19.75,15525,380451.8,146.0,24.51,EQ
13-02-2014,24.4,25.25,24.0,24.0,24.0,36.5,19.75,12668,308888.4,144.0,24.38,EQ
14-02-2014,24.0,26.45,24.0,24.15,24.0,36.5,19.75,12755,312375.25,173.0,24.49,EQ
17-02-2014,24.4,25.35,24.05,24.55,24.05,36.5,19.75,19902,486660.4,146.0,24.45,EQ
18-02-2014,24.6,25.8,24.0,24.9,24.95,36.5,19.75,21923,539300.0,198.0,24.6,EQ
19-02-2014,25.0,25.5,24.15,25.35,25.5,36.5,19.75,28237,709375.3,168.0,25.12,EQ
20-02-2014,25.0,25.5,24.7,24.7,24.7,36.5,19.75,22380,560452.8,118.0,25.04,EQ
21-02-2014,24.8,26.05,24.25,24.9,24.95,36.5,19.75,25032,622594.95,149.0,24.87,EQ
24-02-2014,25.05,25.35,24.0,25.0,25.35,36.5,19.75,32253,801680.95,187.0,24.86,EQ
25-02-2014,24.0,26.0,24.0,24.2,24.15,36.5,19.75,51192,1260760.2,409.0,24.63,EQ
26-02-2014,24.3,25.35,24.0,24.4,24.5,36.5,19.75,21857,532327.0,106.0,24.35,EQ
28-02-2014,26.0,26.45,24.45,25.75,25.75,36.5,19.75,31295,789335.1,342.0,25.22,EQ
03-03-2014,25.0,27.95,25.0,25.5,25.5,36.5,19.75,29963,770176.4,193.0,25.7,EQ
04-03-2014,26.75,27.5,25.0,27.15,27.5,36.5,19.75,25848,691783.55,508.0,26.76,EQ
05-03-2014,27.0,30.6,26.45,26.65,26.6,36.5,19.75,27374,731837.5,350.0,26.73,EQ
06-03-2014,26.2,27.35,26.2,26.95,26.95,36.5,19.75,18051,485920.4,191.0,26.92,EQ
07-03-2014,26.1,31.55,26.1,30.7,29.95,36.5,19.75,76419,2299895.6,728.0,30.1,EQ
10-03-2014,29.05,30.9,28.6,29.3,29.3,34.0,19.75,26245,777328.3,451.0,29.62,EQ
11-03-2014,28.55,29.3,27.0,27.15,27.1,34.0,19.75,8749,245532.4,393.0,28.06,EQ
12-03-2014,27.2,32.3,25.15,32.15,32.3,34.0,19.75,44829,1343874.6,485.0,29.98,EQ
13-03-2014,32.5,37.0,31.0,36.1,35.9,37.0,19.75,61056,2160781.45,851.0,35.39,EQ
14-03-2014,35.85,38.0,34.15,35.85,36.4,38.0,19.75,45949,1628042.1,605.0,35.43,EQ
18-03-2014,36.0,37.0,34.95,36.55,36.75,38.0,19.75,32795,1169639.05,447.0,35.67,EQ
19-03-2014,36.6,38.0,36.6,37.95,38.0,38.0,19.75,40037,1502690.55,477.0,37.53,EQ
20-03-2014,37.55,40.0,37.5,39.95,39.95,40.0,19.75,43742,1725537.1,360.0,39.45,EQ
21-03-2014,41.7,42.0,39.0,41.2,41.5,42.0,19.75,34074,1375221.95,355.0,40.36,EQ
22-03-2014,42.15,42.25,39.4,41.45,42.2,42.25,19.75,29585,1226895.9,176.0,41.47,EQ
24-03-2014,39.6,42.9,39.6,41.4,41.4,42.9,19.75,32765,1373274.4,399.0,41.91,EQ
25-03-2014,42.0,42.4,37.3,40.5,37.3,42.9,19.75,44691,1848438.25,378.0,41.36,EQ
26-03-2014,38.15,43.75,36.5,42.7,43.5,43.75,19.75,82882,3362495.7,649.0,40.57,EQ
27-03-2014,40.05,46.95,40.05,46.9,46.95,46.95,19.75,64869,2898056.2,576.0,44.68,EQ
28-03-2014,47.0,49.2,45.9,48.95,49.0,49.2,19.75,23774,1147580.9,140.0,48.27,BE
31-03-2014,48.75,50.0,48.0,49.45,50.0,50.0,19.75,9020,440829.8,65.0,48.87,BE
01-04-2014,47.0,50.0,47.0,47.0,47.0,50.0,19.75,4238,200813.0,31.0,47.38,BE
02-04-2014,48.0,49.0,45.0,47.4,47.0,50.0,19.75,12105,561926.6,94.0,46.42,BE
03-04-2014,46.75,48.0,45.5,47.55,48.0,50.0,19.75,10512,491361.3,66.0,46.74,BE
04-04-2014,49.0,49.0,46.35,47.5,47.5,50.0,19.75,7755,369506.8,110.0,47.65,BE
07-04-2014,48.5,48.5,45.35,48.35,48.5,50.0,20.0,12731,606685.0,68.0,47.65,BE
09-04-2014,48.25,48.95,45.95,45.95,45.95,50.0,20.0,14863,705323.65,70.0,47.45,BE
10-04-2014,44.0,46.75,44.0,44.35,45.0,50.0,20.0,9954,455148.2,108.0,45.73,BE
11-04-2014,45.0,46.3,45.0,46.15,46.3,50.0,20.0,5630,256980.0,33.0,45.64,BE
15-04-2014,47.2,47.2,45.55,46.45,47.0,50.0,20.0,8300,386687.5,63.0,46.59,BE
16-04-2014,47.2,48.75,46.0,48.7,48.7,50.0,20.0,18969,910824.45,96.0,48.02,BE
17-04-2014,49.5,50.0,48.0,49.75,50.0,50.0,20.0,13110,642017.25,81.0,48.97,BE
21-04-2014,48.25,52.0,47.3,50.15,50.9,52.0,20.0,13287,665029.9,79.0,50.05,BE
22-04-2014,51.5,51.95,49.85,51.5,51.5,52.0,20.0,15017,767342.8,83.0,51.1,BE
23-04-2014,52.0,52.0,49.1,50.1,51.0,52.0,20.0,9232,470029.05,39.0,50.91,BE
25-04-2014,49.1,51.1,49.1,50.05,50.0,52.0,20.0,4116,206935.25,31.0,50.28,BE
28-04-2014,49.0,49.55,47.6,48.7,48.75,52.0,20.0,8558,414365.15,72.0,48.42,BE
29-04-2014,49.0,49.95,49.0,49.2,49.0,52.0,20.0,15050,742119.0,59.0,49.31,BE
30-04-2014,47.9,50.0,47.1,49.9,49.9,52.0,20.0,15829,779298.8,86.0,49.23,BE
02-05-2014,49.0,51.9,49.0,51.8,51.8,52.0,20.0,18759,948608.4,93.0,50.57,BE
05-05-2014,50.25,53.5,50.25,53.45,53.5,53.5,20.0,8823,459423.4,82.0,52.07,BE
06-05-2014,55.2,55.4,50.9,53.45,54.5,55.4,20.0,13786,729178.55,127.0,52.89,BE
07-05-2014,54.0,54.0,52.0,52.4,52.5,55.4,20.0,4464,235773.4,39.0,52.82,BE
08-05-2014,52.5,52.75,51.4,51.4,51.4,55.4,20.0,2961,154680.85,24.0,52.24,BE
09-05-2014,49.0,51.8,48.85,49.75,49.75,55.4,20.0,4487,223552.0,28.0,49.82,BE
12-05-2014,47.85,49.9,47.5,49.6,49.9,55.4,20.0,839,40394.0,21.0,48.15,BE
13-05-2014,47.15,51.95,47.15,50.8,50.9,55.4,20.0,15114,758511.8,68.0,50.19,BE
14-05-2014,49.0,53.2,49.0,53.15,50.5,55.4,20.0,14949,777940.85,62.0,52.04,BE
15-05-2014,54.1,54.1,50.9,51.9,50.9,55.4,20.0,5249,272481.5,38.0,51.91,BE
16-05-2014,49.35,54.0,49.35,49.35,50.0,55.4,20.0,4044,200598.0,31.0,49.6,BE
19-05-2014,47.5,51.8,47.5,50.7,50.0,55.4,20.0,7937,395961.9,48.0,49.89,BE
20-05-2014,51.0,51.0,48.2,49.3,49.1,55.4,20.0,13145,657438.05,57.0,50.01,BE
21-05-2014,48.2,50.0,47.7,49.35,49.9,55.4,20.0,3352,164925.55,19.0,49.2,BE
22-05-2014,50.0,50.0,47.0,48.5,48.5,55.4,20.0,3772,184815.25,34.0,49.0,BE
23-05-2014,46.2,46.9,46.2,46.7,46.7,55.4,20.0,2489,115649.5,17.0,46.46,BE
26-05-2014,45.0,45.0,44.4,44.5,44.5,55.4,20.5,10435,464749.5,26.0,44.54,BE
27-05-2014,44.5,44.5,44.5,44.5,44.5,55.4,20.5,55,2447.5,2.0,44.5,BE
28-05-2014,42.3,43.7,42.3,42.3,42.3,55.4,20.5,468,19936.4,7.0,42.6,BE
29-05-2014,40.3,40.3,40.2,40.2,40.2,55.4,20.5,105,4221.5,2.0,40.2,BE
30-05-2014,38.2,40.0,38.2,38.2,38.2,55.4,20.5,23422,894774.4,48.0,38.2,BE
02-06-2014,36.3,39.85,36.3,38.85,36.3,55.4,21.3,18415,714107.5,52.0,38.78,BE
03-06-2014,39.9,40.75,37.0,40.05,40.45,55.4,21.3,13101,523022.75,44.0,39.92,BE
04-06-2014,40.5,41.9,38.3,40.0,40.0,55.4,21.3,5610,228529.25,42.0,40.74,BE
05-06-2014,41.95,41.95,40.0,41.2,41.0,55.4,21.3,504,20592.15,12.0,40.86,BE
06-06-2014,40.0,42.85,40.0,41.7,41.7,55.4,21.3,1769,71915.5,34.0,40.65,BE
09-06-2014,43.2,43.2,40.5,42.15,43.2,55.4,22.0,12905,543048.35,41.0,42.08,BE
10-06-2014,43.9,43.9,40.05,42.9,42.25,55.4,22.0,3495,149492.5,48.0,42.77,BE
11-06-2014,44.8,44.8,41.3,43.75,43.8,55.4,22.0,3946,171177.6,24.0,43.38,BE
12-06-2014,42.25,44.0,41.6,41.6,41.6,55.4,22.0,4800,200120.0,30.0,41.69,BE
13-06-2014,39.8,41.95,39.55,40.95,41.25,55.4,22.0,2435,99209.15,10.0,40.74,EQ
16-06-2014,42.5,42.9,40.25,42.7,42.7,55.4,22.0,15105,636402.15,132.0,42.13,EQ
17-06-2014,42.25,44.35,41.5,44.2,44.25,55.4,22.0,11960,515684.3,57.0,43.12,EQ
18-06-2014,44.2,46.0,43.55,46.0,46.0,55.4,22.0,14771,670590.65,123.0,45.4,EQ
19-06-2014,47.6,48.0,46.5,47.65,47.75,55.4,22.0,10516,497371.45,137.0,47.3,EQ
20-06-2014,47.4,50.0,47.4,49.8,49.75,55.4,22.0,26524,1310769.9,807.0,49.42,EQ
23-06-2014,49.0,50.05,48.0,48.8,48.8,55.4,22.0,11398,560355.6,267.0,49.16,EQ
24-06-2014,48.9,49.9,48.45,49.15,49.0,55.4,22.0,12726,624242.35,190.0,49.05,EQ
25-06-2014,50.75,50.75,48.9,49.35,49.0,55.4,22.0,11966,592251.8,243.0,49.49,EQ
26-06-2014,49.35,51.0,49.0,49.65,49.5,55.4,22.0,12673,627166.45,293.0,49.49,EQ
27-06-2014,49.7,50.7,49.0,49.55,49.5,55.4,22.0,17940,885551.85,107.0,49.36,EQ
30-06-2014,49.5,50.0,48.5,49.8,49.8,55.4,22.0,22920,1138686.25,129.0,49.68,EQ
01-07-2014,50.1,50.3,47.35,47.4,47.4,55.4,22.0,9089,446355.7,305.0,49.11,EQ
02-07-2014,45.5,46.5,45.25,45.45,45.5,55.4,22.0,1695,77266.85,18.0,45.59,EQ
03-07-2014,45.6,45.6,43.5,44.85,44.55,55.4,22.0,5490,247003.75,60.0,44.99,EQ
04-07-2014,43.3,44.2,43.3,43.5,43.5,55.4,22.0,7175,313469.75,88.0,43.69,EQ
07-07-2014,43.0,45.35,42.0,42.25,42.0,55.4,22.0,2660,113511.35,25.0,42.67,EQ
08-07-2014,41.7,41.7,38.05,38.05,38.05,55.4,22.0,22130,854032.7,137.0,38.59,EQ
09-07-2014,40.0,40.0,34.25,34.25,34.25,55.4,22.0,8472,291764.65,76.0,34.44,EQ
10-07-2014,34.95,34.95,33.35,33.5,33.9,55.4,22.0,6288,211684.45,13.0,33.66,EQ
11-07-2014,34.8,34.8,32.65,32.65,32.65,55.4,22.0,780,26143.0,10.0,33.52,EQ
14-07-2014,34.0,34.0,31.05,31.25,31.9,55.4,22.0,8144,254398.65,44.0,31.24,EQ
15-07-2014,30.1,32.8,30.1,32.8,32.8,55.4,22.0,6016,191108.5,49.0,31.77,EQ
16-07-2014,34.4,34.4,32.75,34.4,34.4,55.4,22.0,21411,727977.4,135.0,34.0,EQ
17-07-2014,36.1,36.1,34.8,36.1,36.1,55.4,22.0,12676,456078.35,32.0,35.98,EQ
18-07-2014,36.25,37.9,36.25,37.9,37.9,55.4,22.0,11411,419695.0,40.0,36.78,EQ
21-07-2014,39.0,39.75,38.0,39.75,39.75,55.4,22.0,12090,475783.85,44.0,39.35,EQ
22-07-2014,40.0,41.65,37.8,41.4,41.3,55.4,22.0,10174,410288.95,84.0,40.33,EQ
23-07-2014,42.6,42.8,41.8,42.5,42.5,55.4,22.0,8813,374716.65,43.0,42.52,EQ
24-07-2014,44.5,44.5,42.0,42.2,42.2,55.4,22.0,13584,582479.65,269.0,42.88,EQ
25-07-2014,44.0,44.0,40.5,42.9,42.9,55.4,22.0,15944,680554.95,77.0,42.68,EQ
28-07-2014,43.0,44.9,41.0,43.75,43.9,55.4,22.0,9964,433232.25,35.0,43.48,EQ
30-07-2014,43.75,44.9,43.0,44.25,44.0,55.4,22.0,4311,187301.9,25.0,43.45,EQ
31-07-2014,44.25,46.0,44.25,45.65,46.0,55.4,22.0,6451,292529.5,31.0,45.35,EQ
01-08-2014,46.0,46.75,45.0,46.5,46.5,55.4,22.0,5474,252976.4,47.0,46.21,EQ
04-08-2014,46.0,47.35,45.5,46.8,46.75,55.4,22.0,33079,1546067.65,61.0,46.74,EQ
05-08-2014,46.8,47.7,46.5,46.85,46.85,55.4,22.0,11588,546911.0,85.0,47.2,EQ
06-08-2014,46.75,47.15,46.75,46.9,46.8,55.4,22.0,11834,555461.35,55.0,46.94,EQ
07-08-2014,47.0,47.5,46.25,46.9,46.9,55.4,22.0,11376,536089.95,89.0,47.12,EQ
08-08-2014,47.1,47.3,46.75,46.75,46.75,55.4,22.0,6927,324450.3,28.0,46.84,EQ
11-08-2014,46.0,46.0,44.45,44.45,44.45,55.4,22.0,3116,138802.5,23.0,44.55,EQ
12-08-2014,44.0,45.0,42.25,44.2,45.0,55.4,22.0,22348,959104.8,94.0,42.92,EQ
13-08-2014,43.0,45.2,43.0,45.0,45.2,55.4,22.0,21981,981735.65,105.0,44.66,EQ
14-08-2014,43.5,46.3,43.5,45.25,46.0,55.4,22.0,12268,550969.65,58.0,44.91,EQ
18-08-2014,45.05,46.2,45.05,46.15,46.2,55.4,22.0,8291,380630.85,51.0,45.91,EQ
19-08-2014,48.3,48.3,45.0,47.9,48.0,55.4,22.0,16984,806180.55,187.0,47.47,EQ
20-08-2014,47.9,48.25,46.2,47.55,47.0,55.4,22.0,13477,640530.05,115.0,47.53,EQ
21-08-2014,48.0,48.15,45.6,47.3,47.0,55.4,22.0,10394,493038.35,70.0,47.43,EQ
22-08-2014,46.8,48.0,46.8,47.7,47.5,55.4,22.0,11246,535154.2,35.0,47.59,EQ
25-08-2014,47.25,47.9,46.85,47.0,47.0,55.4,22.0,19067,904634.6,48.0,47.45,EQ
26-08-2014,47.0,48.5,46.2,47.15,47.0,55.4,22.0,46049,2180041.7,135.0,47.34,EQ
27-08-2014,47.9,47.9,47.0,47.15,47.15,55.4,22.0,8016,380880.25,47.0,47.52,EQ
28-08-2014,46.4,47.8,45.05,47.0,47.0,55.4,22.0,6107,287995.95,114.0,47.16,EQ
01-09-2014,46.3,47.8,44.65,47.35,47.4,55.4,22.0,12566,592013.55,34.0,47.11,EQ
02-09-2014,46.25,47.95,46.25,46.3,46.3,55.4,22.0,7584,358170.35,50.0,47.23,EQ
03-09-2014,44.05,47.5,44.0,46.55,46.5,55.4,22.0,8631,400805.45,81.0,46.44,EQ
04-09-2014,46.85,46.95,44.5,46.15,46.5,55.4,22.0,6226,287762.7,36.0,46.22,EQ
05-09-2014,43.5,47.0,43.5,46.0,46.0,55.4,22.0,4709,218639.0,20.0,46.43,EQ
08-09-2014,46.25,47.25,44.5,46.9,46.8,55.4,22.0,23141,1078367.35,163.0,46.6,EQ
09-09-2014,47.0,48.25,46.0,48.0,48.0,55.4,22.0,12790,605754.4,88.0,47.36,EQ
10-09-2014,49.0,49.1,47.55,48.9,48.9,55.4,22.0,16696,808208.85,88.0,48.41,EQ
11-09-2014,48.9,52.0,48.6,51.5,51.5,55.4,22.0,10765,540119.7,98.0,50.17,EQ
12-09-2014,52.25,55.0,52.05,54.4,54.4,55.4,22.0,20653,1120443.0,142.0,54.25,EQ
15-09-2014,56.45,56.5,54.5,56.3,56.3,56.5,22.0,13794,768230.4,102.0,55.69,EQ
16-09-2014,57.7,57.75,55.0,55.65,56.0,57.75,22.0,32529,1834772.2,244.0,56.4,EQ
17-09-2014,56.0,56.0,50.1,53.2,54.0,57.75,22.0,14833,803779.7,86.0,54.19,EQ
18-09-2014,53.35,54.8,50.5,51.05,51.05,57.75,22.0,6054,319539.75,28.0,52.78,EQ
19-09-2014,49.25,51.1,48.0,48.8,48.45,57.75,22.0,6401,321352.1,94.0,50.2,EQ
22-09-2014,48.8,48.8,46.0,46.0,46.0,57.75,22.0,4951,235805.15,26.0,47.63,EQ
23-09-2014,45.0,47.95,43.95,44.15,44.1,57.75,22.0,3443,158177.9,37.0,45.94,EQ
24-09-2014,44.0,45.0,44.0,44.95,45.0,57.75,22.0,1204,53503.6,24.0,44.44,EQ
25-09-2014,44.5,44.5,43.0,43.5,43.5,57.75,22.0,2125,93450.0,14.0,43.98,EQ
26-09-2014,43.0,44.0,41.55,42.2,42.0,57.75,22.0,1010,42890.0,8.0,42.47,EQ
29-09-2014,43.0,44.1,41.1,42.0,42.0,57.75,22.0,13102,554675.65,62.0,42.34,EQ
30-09-2014,44.0,44.05,42.1,43.8,44.05,57.75,22.0,10974,478699.2,46.0,43.62,EQ
01-10-2014,43.8,44.8,43.05,44.25,43.05,57.75,22.0,11372,503687.5,89.0,44.29,EQ
07-10-2014,46.25,46.25,42.15,42.85,42.8,57.75,22.0,11648,502447.4,161.0,43.14,EQ
08-10-2014,41.1,44.0,40.8,41.5,41.0,57.75,22.0,12568,536267.65,127.0,42.67,EQ
09-10-2014,43.0,43.0,40.7,40.8,41.5,57.75,22.0,10648,439841.9,52.0,41.31,EQ
10-10-2014,40.0,40.9,39.8,40.55,40.4,57.75,22.0,16908,683829.3,63.0,40.44,EQ
13-10-2014,40.0,41.25,39.5,39.9,39.5,57.75,22.0,12903,519196.65,139.0,40.24,EQ
14-10-2014,39.5,40.25,39.5,40.05,40.25,57.75,22.0,9741,389644.3,43.0,40.0,EQ
16-10-2014,40.6,42.05,39.05,40.55,41.6,57.75,22.0,9366,376519.3,27.0,40.2,EQ
17-10-2014,41.0,41.25,39.25,39.95,40.3,57.75,22.0,15531,631053.45,49.0,40.63,EQ
20-10-2014,41.0,41.0,38.0,38.7,38.1,57.75,22.0,8695,343602.5,54.0,39.52,EQ
21-10-2014,39.55,40.35,39.25,40.05,40.25,57.75,22.0,9456,375480.85,53.0,39.71,EQ
22-10-2014,40.1,40.4,39.5,40.0,39.5,57.75,22.0,9376,375897.8,57.0,40.09,EQ
23-10-2014,40.0,40.55,40.0,40.25,40.55,57.75,22.0,1525,61313.15,9.0,40.21,EQ
27-10-2014,41.5,41.5,39.05,40.65,40.5,57.75,22.0,10626,429611.65,326.0,40.43,EQ
28-10-2014,39.0,40.45,39.0,40.25,40.45,57.75,22.0,8295,333167.25,39.0,40.16,EQ
29-10-2014,40.3,40.95,40.0,40.85,40.85,57.75,22.0,9178,372451.6,98.0,40.58,EQ
30-10-2014,41.75,41.75,39.7,41.1,41.5,57.75,22.0,17536,711229.9,59.0,40.56,EQ
31-10-2014,40.0,41.7,40.0,41.7,41.7,57.75,22.0,14724,602454.75,205.0,40.92,EQ
03-11-2014,41.7,41.75,40.6,41.2,41.25,57.75,22.0,13933,573985.1,502.0,41.2,EQ
05-11-2014,42.0,42.0,40.3,40.5,40.35,57.75,22.0,20446,840291.4,95.0,41.1,EQ
07-11-2014,41.0,41.9,39.8,39.85,39.95,57.75,22.0,19513,791137.0,67.0,40.54,EQ
10-11-2014,40.5,41.5,39.0,39.25,39.15,57.75,22.0,8795,354651.5,48.0,40.32,EQ
11-11-2014,39.3,41.45,39.25,40.4,40.45,57.75,22.0,16569,670087.4,35.0,40.44,EQ
12-11-2014,38.9,42.5,38.9,39.25,39.0,57.75,22.0,6280,248249.9,29.0,39.53,EQ
13-11-2014,40.0,40.0,38.0,39.0,39.0,57.75,22.0,9088,354293.0,63.0,38.98,EQ
14-11-2014,36.4,40.0,36.4,39.15,39.0,57.75,22.0,149,5503.1,8.0,36.93,EQ
17-11-2014,37.1,40.8,37.1,39.8,39.0,57.75,22.0,12436,492134.25,43.0,39.57,EQ
18-11-2014,40.75,41.0,38.0,40.05,40.05,57.75,22.0,47753,1943300.75,407.0,40.69,EQ
19-11-2014,42.4,42.4,39.55,40.35,40.3,57.75,22.0,37789,1545329.75,56.0,40.89,EQ
20-11-2014,40.0,40.95,39.2,39.7,39.55,57.75,22.0,11032,444941.6,141.0,40.33,EQ
21-11-2014,40.6,41.0,39.15,39.95,40.0,57.75,22.0,12520,505596.05,64.0,40.38,EQ
24-11-2014,40.25,40.95,39.25,40.1,40.7,57.75,22.0,29323,1179806.7,51.0,40.23,EQ
25-11-2014,38.55,41.95,38.55,39.5,39.5,57.75,22.0,10561,423182.75,44.0,40.07,EQ
26-11-2014,40.1,43.25,39.05,40.4,40.45,57.75,22.0,10289,412563.2,46.0,40.1,EQ
27-11-2014,40.5,43.0,39.0,39.8,39.9,57.75,22.0,11212,446739.95,79.0,39.84,EQ
28-11-2014,39.75,40.4,38.1,40.1,40.4,57.75,22.0,68016,2714208.05,594.0,39.91,EQ
01-12-2014,40.25,40.4,38.0,39.85,39.85,57.75,22.0,10018,398869.7,189.0,39.82,EQ
02-12-2014,38.5,40.6,38.1,38.15,39.0,57.75,22.0,10681,421193.7,115.0,39.43,EQ
03-12-2014,38.0,38.0,36.2,37.6,38.0,57.75,22.0,4770,179058.85,15.0,37.54,EQ
04-12-2014,37.6,39.75,37.6,37.7,37.7,57.75,22.0,347,13272.2,6.0,38.25,EQ
05-12-2014,35.05,38.95,35.05,37.25,36.15,57.75,22.0,14371,542594.45,111.0,37.76,EQ
08-12-2014,37.95,40.2,36.5,38.55,38.5,57.75,22.0,11321,436515.75,40.0,38.56,EQ
09-12-2014,37.0,38.0,36.05,36.55,36.55,57.75,22.0,13124,484090.6,101.0,36.89,EQ
10-12-2014,36.55,38.0,30.1,34.75,35.0,57.75,22.0,15780,559897.55,103.0,35.48,EQ
11-12-2014,35.5,36.0,34.25,35.1,35.0,57.75,22.0,9591,338336.9,66.0,35.28,EQ
12-12-2014,35.5,36.45,34.35,35.75,35.9,57.75,22.0,16396,584715.3,64.0,35.66,EQ
15-12-2014,35.75,36.5,34.15,35.6,35.5,57.75,22.0,13010,463192.25,46.0,35.6,EQ
16-12-2014,35.5,36.0,31.2,33.2,33.2,57.75,22.0,11499,400575.2,60.0,34.84,EQ
17-12-2014,35.0,35.65,32.5,34.25,34.95,57.75,22.0,8921,309580.05,42.0,34.7,EQ
18-12-2014,35.0,36.9,33.6,35.5,35.5,57.75,22.0,12183,427814.55,75.0,35.12,EQ
19-12-2014,35.1,35.8,33.5,34.8,34.8,57.75,22.0,9604,335348.8,52.0,34.92,EQ
22-12-2014,34.25,34.95,34.05,34.95,34.95,57.75,22.0,3880,133657.0,11.0,34.45,EQ
23-12-2014,34.0,35.75,34.0,34.6,35.0,57.75,22.0,6167,213586.0,22.0,34.63,EQ
24-12-2014,36.45,36.45,32.5,32.85,32.55,57.75,22.0,19079,643658.35,123.0,33.74,EQ
26-12-2014,34.0,34.5,31.2,34.25,34.5,57.75,22.0,17342,585784.85,156.0,33.78,EQ
29-12-2014,35.5,35.5,32.55,34.25,34.7,57.75,22.0,13913,473080.1,137.0,34.0,EQ
30-12-2014,34.5,34.5,32.6,33.7,33.25,57.75,22.0,15663,527313.7,86.0,33.67,EQ
31-12-2014,34.0,34.9,32.6,33.6,33.0,57.75,22.0,12033,406108.7,108.0,33.75,EQ
01-01-2015,33.7,33.9,32.2,33.45,33.8,57.75,22.0,22114,737587.95,67.0,33.35,EQ
02-01-2015,33.5,34.75,33.05,33.85,33.25,57.75,22.0,9996,337349.25,91.0,33.75,EQ
05-01-2015,33.9,34.9,33.0,34.1,34.2,57.75,22.0,19420,657875.9,95.0,33.88,EQ
06-01-2015,34.3,35.0,33.0,33.2,33.0,57.75,22.0,8781,297658.65,94.0,33.9,EQ
07-01-2015,32.35,33.85,32.35,33.6,33.0,57.75,22.0,9896,328839.2,103.0,33.23,EQ
08-01-2015,34.75,35.5,33.05,34.7,35.25,57.75,22.0,28773,986709.3,229.0,34.29,EQ
09-01-2015,34.65,36.0,34.3,35.85,36.0,57.75,22.0,11825,418039.15,82.0,35.35,EQ
12-01-2015,36.5,36.5,34.75,36.1,36.5,57.75,22.0,11712,418472.8,109.0,35.73,EQ
13-01-2015,37.5,39.0,34.5,34.5,34.5,57.75,22.0,16133,571068.05,111.0,35.4,EQ
14-01-2015,33.5,33.7,32.7,33.2,33.2,57.75,22.0,337,11223.25,13.0,33.3,EQ
15-01-2015,32.6,39.8,32.6,33.4,33.0,57.75,22.0,6376,228082.25,85.0,35.77,EQ
16-01-2015,34.45,36.0,32.1,35.9,36.0,57.75,22.0,17564,605434.55,102.0,34.47,EQ
19-01-2015,35.0,35.0,34.1,34.95,35.0,57.75,22.0,11141,387052.1,51.0,34.74,EQ
20-01-2015,34.9,35.0,33.55,34.35,33.55,57.75,22.0,9477,328167.55,108.0,34.63,EQ
21-01-2015,34.0,34.5,32.35,33.65,34.0,57.75,22.0,13080,440890.5,149.0,33.71,EQ
22-01-2015,32.5,34.7,32.5,33.6,33.9,57.75,22.0,8044,270865.6,106.0,33.67,EQ
23-01-2015,33.85,34.0,33.0,33.8,33.1,57.75,22.0,8482,285961.75,118.0,33.71,EQ
27-01-2015,33.8,34.0,32.25,33.6,33.35,57.75,22.0,9630,320604.8,68.0,33.29,EQ
28-01-2015,33.6,33.7,32.4,32.8,32.9,57.75,22.0,7819,259723.35,38.0,33.22,EQ
29-01-2015,32.05,33.5,31.5,32.35,32.8,57.75,22.0,26713,880746.25,99.0,32.97,EQ
30-01-2015,31.2,33.85,30.55,33.25,33.85,57.75,22.0,3459,110609.95,27.0,31.98,EQ
02-02-2015,27.0,34.95,27.0,31.5,31.5,57.75,23.0,3277,104246.15,25.0,31.81,EQ
03-02-2015,30.2,34.4,30.2,30.75,33.75,57.75,23.0,3471,108662.55,22.0,31.31,EQ
04-02-2015,30.5,32.2,30.5,30.55,30.5,57.75,23.0,2740,86907.0,10.0,31.72,EQ
05-02-2015,30.2,34.0,30.2,31.1,31.1,57.75,23.0,4793,154585.55,40.0,32.25,EQ
06-02-2015,31.0,32.0,27.25,30.5,32.0,57.75,23.0,6440,196626.5,65.0,30.53,EQ
09-02-2015,28.0,31.9,28.0,31.9,31.9,57.75,23.0,412,12148.5,5.0,29.49,EQ
10-02-2015,30.0,32.5,28.55,31.0,31.0,57.75,23.0,5373,167668.2,16.0,31.21,EQ
11-02-2015,31.8,31.9,31.0,31.7,31.7,57.75,23.0,671,21273.4,20.0,31.7,EQ
12-02-2015,31.4,31.4,27.6,29.3,31.0,57.75,23.0,1936,57181.55,30.0,29.54,EQ
13-02-2015,28.0,33.0,28.0,31.6,31.75,57.75,23.0,1699,52702.4,63.0,31.02,EQ
16-02-2015,30.05,32.4,30.0,31.8,31.75,57.75,24.0,15471,496818.5,13.0,32.11,EQ
18-02-2015,30.25,31.8,29.0,30.3,31.5,57.75,24.0,4435,132697.1,44.0,29.92,EQ
19-02-2015,29.5,31.6,29.5,31.45,31.45,57.75,24.0,6159,189435.0,20.0,30.76,EQ
20-02-2015,29.6,29.75,29.6,29.75,29.75,57.75,24.0,1640,48626.0,5.0,29.65,EQ
23-02-2015,29.5,32.5,28.5,29.6,29.65,57.75,24.0,59732,1779565.0,163.0,29.79,EQ
24-02-2015,30.0,30.8,29.9,30.0,30.0,57.75,24.0,1830,54844.0,10.0,29.97,EQ
25-02-2015,29.5,30.9,29.5,29.5,29.5,57.75,24.0,150,4496.25,5.0,29.98,EQ
26-02-2015,28.5,29.5,27.1,27.95,29.5,57.75,24.0,2237,62542.25,17.0,27.96,EQ
27-02-2015,29.5,32.95,28.15,29.0,29.0,57.75,24.0,1316,38053.1,25.0,28.92,EQ
28-02-2015,28.15,31.0,27.3,30.85,30.75,57.75,24.0,1145,33618.7,14.0,29.36,EQ
02-03-2015,27.5,30.0,27.35,29.35,30.0,57.75,25.0,1201,34288.0,11.0,28.55,EQ
03-03-2015,28.0,29.5,27.55,29.5,29.5,57.75,25.0,1298,36315.65,23.0,27.98,EQ
04-03-2015,28.05,29.95,28.05,29.95,29.95,57.75,25.0,105,2954.75,2.0,28.14,EQ
05-03-2015,28.8,28.8,28.8,28.8,28.8,57.75,25.0,100,2880.0,3.0,28.8,EQ
09-03-2015,28.0,31.95,28.0,28.5,28.5,57.75,25.15,27736,822459.1,50.0,29.65,EQ
10-03-2015,29.0,30.0,28.0,30.0,29.95,57.75,25.15,13998,409123.85,60.0,29.23,EQ
11-03-2015,31.9,32.0,28.0,28.15,29.0,57.75,25.15,22457,690069.1,93.0,30.73,EQ
12-03-2015,28.15,28.7,28.15,28.5,28.2,57.75,25.15,100,2832.5,3.0,28.33,EQ
13-03-2015,29.95,29.95,28.1,28.8,29.4,57.75,25.15,16432,475701.1,27.0,28.95,EQ
16-03-2015,28.8,28.8,27.3,27.35,28.8,57.75,27.0,99,2744.2,4.0,27.72,EQ
17-03-2015,31.5,32.0,27.5,27.55,27.5,57.75,27.0,5531,159251.75,46.0,28.79,EQ
18-03-2015,27.1,29.45,27.1,29.45,29.45,57.75,27.0,492,13355.8,9.0,27.15,EQ
19-03-2015,27.45,30.95,27.0,27.6,27.6,57.75,27.0,8739,249392.6,71.0,28.54,EQ
20-03-2015,30.1,30.1,26.7,27.0,26.7,57.75,26.7,113254,3092329.2,85.0,27.3,EQ
23-03-2015,27.0,29.45,27.0,29.05,29.45,57.75,26.7,146,4242.05,4.0,29.06,EQ
24-03-2015,29.1,29.1,27.1,27.15,28.0,57.75,26.7,6236,172309.35,16.0,27.63,EQ
25-03-2015,26.9,28.8,26.7,26.7,26.7,57.75,26.7,2542,69151.4,13.0,27.2,EQ
26-03-2015,26.0,26.0,24.55,24.6,24.6,57.75,24.55,220,5595.5,23.0,25.43,EQ
27-03-2015,24.7,24.7,22.5,23.2,24.45,57.75,22.5,9398,223459.75,60.0,23.78,EQ
30-03-2015,24.95,26.8,21.8,23.65,22.75,57.75,21.8,1310,29269.35,18.0,22.34,EQ
31-03-2015,23.5,27.0,23.45,24.9,26.0,57.75,21.8,13843,341705.3,60.0,24.68,EQ
06-04-2015,23.6,28.5,23.0,28.45,28.5,57.75,21.8,2612,70505.4,40.0,26.99,EQ
07-04-2015,29.0,31.95,27.05,29.95,30.0,57.75,21.8,8412,254804.05,83.0,30.29,EQ
08-04-2015,30.5,30.5,28.6,28.95,28.9,57.75,21.8,13903,412311.45,40.0,29.66,EQ
09-04-2015,29.3,31.45,26.4,30.5,30.5,57.75,21.8,16645,490752.1,139.0,29.48,EQ
10-04-2015,30.0,34.9,28.3,32.75,31.25,57.75,21.8,31430,987474.5,235.0,31.42,EQ
13-04-2015,35.9,38.0,30.45,36.35,37.5,57.75,21.8,20942,727274.85,222.0,34.73,EQ
15-04-2015,30.15,42.0,30.15,39.8,41.0,57.75,21.8,10606,404479.65,189.0,38.14,EQ
16-04-2015,43.8,45.75,40.25,44.0,44.0,57.75,21.8,26791,1179363.9,254.0,44.02,EQ
17-04-2015,46.0,46.0,43.15,44.15,44.3,57.75,21.8,15368,678597.25,133.0,44.16,EQ
20-04-2015,43.05,44.9,42.9,43.6,43.0,57.75,21.8,11477,503485.4,83.0,43.87,EQ
21-04-2015,43.95,43.95,42.2,43.15,43.15,57.75,21.8,13611,589441.0,108.0,43.31,EQ
22-04-2015,43.15,43.5,39.05,41.25,41.25,57.75,21.8,9345,398428.3,99.0,42.64,EQ
23-04-2015,41.25,41.75,39.3,40.1,40.1,57.75,21.8,15479,636330.3,103.0,41.11,EQ
24-04-2015,40.2,43.0,40.2,41.0,41.2,57.75,21.8,32265,1329407.25,67.0,41.2,EQ
27-04-2015,41.1,44.0,40.0,41.05,41.0,57.75,21.8,65828,2742993.8,283.0,41.67,EQ
28-04-2015,41.0,41.4,39.0,39.7,39.0,57.75,21.8,18178,728568.25,76.0,40.08,EQ
29-04-2015,40.6,43.5,38.65,40.7,42.0,57.75,21.8,53051,2097878.95,207.0,39.54,EQ
30-04-2015,42.8,44.0,40.0,43.25,43.8,57.75,21.8,29348,1235557.2,189.0,42.1,EQ
04-05-2015,47.25,50.0,43.5,47.05,47.9,57.75,21.8,39093,1765861.45,244.0,45.17,EQ
05-05-2015,47.25,51.0,47.25,50.15,49.25,57.75,21.8,51026,2551649.2,246.0,50.01,EQ
06-05-2015,50.25,50.5,49.4,49.8,49.5,57.75,21.8,35494,1768223.4,194.0,49.82,EQ
07-05-2015,50.0,51.0,49.5,49.85,49.8,57.75,21.8,38313,1913617.0,204.0,49.95,EQ
08-05-2015,49.7,53.85,49.4,51.75,52.0,57.75,21.8,39949,2043487.25,312.0,51.15,EQ
11-05-2015,53.5,53.5,51.05,52.05,51.95,57.75,21.8,25824,1346906.1,143.0,52.16,EQ
12-05-2015,53.0,54.0,51.0,52.1,52.2,57.75,21.8,29201,1515302.5,171.0,51.89,EQ
14-05-2015,55.0,55.9,52.8,55.1,54.5,57.75,21.8,40013,2188380.65,211.0,54.69,EQ
15-05-2015,55.1,56.95,53.7,55.4,55.9,57.75,21.8,51804,2876842.7,324.0,55.53,EQ
18-05-2015,56.0,56.95,53.5,54.25,55.0,57.75,21.8,39761,2174417.0,207.0,54.69,EQ
19-05-2015,55.0,56.0,53.5,54.5,54.75,57.75,21.8,31225,1709927.3,153.0,54.76,EQ
20-05-2015,55.0,56.0,53.5,54.6,54.75,57.75,21.8,46424,2549865.65,242.0,54.93,EQ
21-05-2015,55.3,55.8,53.4,54.45,54.95,57.75,21.8,62547,3432770.5,169.0,54.88,EQ
22-05-2015,55.0,56.0,53.5,55.45,55.3,57.75,21.8,44315,2428328.05,276.0,54.8,EQ
25-05-2015,55.5,57.9,55.0,55.95,56.0,57.9,21.8,42454,2379136.85,181.0,56.04,EQ
26-05-2015,56.0,57.9,55.05,55.75,55.9,57.9,21.8,33315,1867864.5,230.0,56.07,EQ
27-05-2015,56.4,56.9,54.6,55.75,55.6,57.9,21.8,41660,2321552.15,206.0,55.73,EQ
28-05-2015,56.0,56.0,55.05,55.95,56.0,57.9,21.8,28609,1592455.6,186.0,55.66,EQ
29-05-2015,55.5,63.0,54.9,60.6,60.6,63.0,21.8,79885,4668430.8,615.0,58.44,EQ
01-06-2015,61.0,62.5,59.0,60.35,60.75,63.0,21.8,42128,2552385.75,303.0,60.59,EQ
02-06-2015,62.0,62.05,57.05,59.85,60.75,63.0,21.8,32627,1948871.55,290.0,59.73,EQ
03-06-2015,60.5,61.5,58.0,59.1,59.95,63.0,21.8,35424,2102999.65,349.0,59.37,EQ
04-06-2015,60.0,65.0,58.0,59.95,60.5,65.0,21.8,34618,2063952.15,396.0,59.62,EQ
05-06-2015,61.0,62.75,58.1,60.65,62.0,65.0,21.8,36594,2203339.55,510.0,60.21,EQ
08-06-2015,59.2,61.6,56.05,57.55,56.05,65.0,21.8,32079,1867515.8,328.0,58.22,EQ
09-06-2015,56.35,59.8,51.8,55.4,58.45,65.0,21.8,28950,1587265.1,251.0,54.83,EQ
10-06-2015,54.75,59.0,49.05,52.8,50.3,65.0,21.8,39270,2173555.65,429.0,55.35,EQ
11-06-2015,53.05,53.95,49.2,51.9,53.0,65.0,21.8,35649,1838969.1,326.0,51.59,EQ
12-06-2015,54.9,54.9,50.0,51.95,52.05,65.0,21.8,31235,1624865.95,267.0,52.02,EQ
15-06-2015,53.0,54.9,52.85,54.5,54.9,65.0,21.8,34655,1874960.05,355.0,54.1,EQ
16-06-2015,54.45,55.2,53.95,54.7,54.0,65.0,21.8,31344,1711324.95,256.0,54.6,EQ
17-06-2015,55.0,55.95,53.55,54.05,55.9,65.0,21.8,34967,1917590.3,346.0,54.84,EQ
18-06-2015,57.35,57.35,52.1,55.05,55.0,65.0,21.8,34458,1881389.8,269.0,54.6,EQ
19-06-2015,55.1,55.9,51.55,52.15,52.95,65.0,21.8,39934,2157750.95,311.0,54.03,EQ
22-06-2015,53.0,55.75,49.25,51.35,51.8,65.0,21.8,34483,1778429.35,283.0,51.57,EQ
23-06-2015,52.0,53.7,49.0,51.65,50.6,65.0,21.8,60164,3103860.1,288.0,51.59,EQ
24-06-2015,52.5,53.5,51.05,51.9,52.0,65.0,21.8,33359,1731188.45,212.0,51.9,EQ
25-06-2015,52.0,54.9,51.1,52.55,51.3,65.0,21.8,38978,2054582.3,155.0,52.71,EQ
26-06-2015,53.0,53.9,51.35,53.75,53.0,65.0,21.8,58317,3079881.65,222.0,52.81,EQ
29-06-2015,54.9,54.9,52.45,53.95,54.0,65.0,21.8,42051,2257960.5,213.0,53.7,EQ
30-06-2015,55.9,56.0,52.0,53.8,52.5,65.0,21.8,49156,2636659.6,340.0,53.64,EQ
01-07-2015,54.9,55.9,52.6,53.95,54.5,65.0,21.8,49403,2670155.15,243.0,54.05,EQ
02-07-2015,54.9,54.9,52.3,54.2,54.3,65.0,21.8,37068,2005338.05,126.0,54.1,EQ
03-07-2015,54.0,56.7,51.4,53.9,54.8,65.0,21.8,25766,1388640.7,292.0,53.89,EQ
06-07-2015,54.0,55.6,53.0,54.15,54.55,65.0,21.8,31506,1710709.1,153.0,54.3,EQ
07-07-2015,54.5,55.6,52.5,55.1,55.25,65.0,21.8,40753,2221422.3,254.0,54.51,EQ
08-07-2015,55.0,55.45,53.15,53.25,53.2,65.0,21.8,29082,1581799.25,190.0,54.39,EQ
09-07-2015,54.0,55.8,53.0,53.75,54.05,65.0,21.8,56106,3022991.95,271.0,53.88,EQ
10-07-2015,53.95,55.75,52.55,53.65,53.9,65.0,21.8,45284,2432942.1,294.0,53.73,EQ
13-07-2015,54.0,54.85,52.0,53.85,54.3,65.0,21.8,41751,2246789.3,321.0,53.81,EQ
14-07-2015,53.0,54.55,52.05,52.1,52.1,65.0,21.8,23206,1245584.3,148.0,53.68,EQ
15-07-2015,50.9,53.85,50.25,51.95,52.7,65.0,21.8,26389,1366040.5,164.0,51.77,EQ
16-07-2015,50.6,53.95,50.3,53.85,53.85,65.0,21.8,18118,964251.15,149.0,53.22,EQ
17-07-2015,53.0,53.0,49.0,49.75,50.05,65.0,21.8,5260,267922.65,125.0,50.94,EQ
20-07-2015,50.0,53.4,49.95,52.05,53.25,65.0,21.8,20711,1065517.2,133.0,51.45,EQ
21-07-2015,55.0,55.0,51.4,51.95,52.0,65.0,21.8,16479,861498.9,129.0,52.28,EQ
22-07-2015,54.0,54.0,50.05,52.05,52.4,65.0,21.8,32933,1721284.45,291.0,52.27,EQ
23-07-2015,54.75,54.75,50.75,50.75,50.75,65.0,21.8,484,24630.25,23.0,50.89,EQ
24-07-2015,53.0,53.35,50.1,52.0,52.0,65.0,21.8,9738,502789.3,51.0,51.63,EQ
27-07-2015,52.5,52.5,50.15,52.4,52.4,65.0,21.8,2479,126927.45,24.0,51.2,EQ
28-07-2015,50.45,51.9,50.0,51.65,51.75,65.0,21.8,316,16016.3,32.0,50.68,EQ
29-07-2015,49.6,51.85,49.15,51.85,51.85,65.0,21.8,232,11943.7,7.0,51.48,EQ
30-07-2015,53.7,53.7,50.45,52.1,52.1,65.0,21.8,1056,54221.85,8.0,51.35,EQ
31-07-2015,50.1,51.75,49.0,50.3,51.5,65.0,21.8,1957,98443.4,90.0,50.3,EQ
03-08-2015,50.3,52.5,49.25,50.8,51.9,65.0,21.8,25891,1339655.85,120.0,51.74,EQ
04-08-2015,52.0,52.5,50.7,51.15,51.5,65.0,21.8,52928,2723351.15,172.0,51.45,EQ
06-08-2015,50.55,52.9,50.0,52.65,52.0,65.0,21.8,54344,2798433.9,155.0,51.49,EQ
07-08-2015,53.0,56.7,51.05,53.35,53.5,65.0,21.8,33021,1760138.05,180.0,53.3,EQ
10-08-2015,54.6,56.7,50.0,50.3,50.0,65.0,21.8,25233,1332492.0,167.0,52.81,EQ
11-08-2015,51.0,51.15,48.05,48.5,48.05,65.0,21.8,22845,1145684.45,111.0,50.15,EQ
12-08-2015,49.75,50.0,47.2,48.0,47.3,65.0,21.8,25193,1232889.05,111.0,48.94,EQ
13-08-2015,49.0,49.2,45.3,46.3,45.3,65.0,21.8,29872,1439192.1,133.0,48.18,EQ
14-08-2015,47.5,49.0,45.35,48.8,48.75,65.0,21.8,43505,2092204.65,171.0,48.09,EQ
17-08-2015,49.0,50.8,47.0,50.0,50.0,65.0,21.8,39558,1943469.05,210.0,49.13,EQ
18-08-2015,48.0,50.55,47.8,49.9,49.95,65.0,21.8,22768,1132816.95,104.0,49.75,EQ
19-08-2015,50.0,51.2,47.45,48.35,48.55,65.0,21.8,28235,1389021.1,133.0,49.2,EQ
20-08-2015,49.5,49.6,46.5,46.75,46.75,65.0,21.8,27159,1300840.3,80.0,47.9,EQ
21-08-2015,48.5,49.4,45.0,46.75,45.3,65.0,21.8,29172,1397558.75,137.0,47.91,EQ
24-08-2015,47.0,48.3,40.0,44.95,45.4,65.0,21.8,39688,1789247.5,142.0,45.08,EQ
25-08-2015,44.0,45.0,40.0,43.9,43.9,65.0,21.8,24035,1036725.75,203.0,43.13,EQ
26-08-2015,44.0,44.15,38.15,41.65,43.5,65.0,21.8,24873,1049406.9,158.0,42.19,EQ
27-08-2015,43.0,44.35,42.0,43.35,42.5,65.0,21.8,35392,1531634.35,136.0,43.28,EQ
28-08-2015,43.0,45.7,42.35,43.3,43.0,65.0,21.8,25261,1104390.35,106.0,43.72,EQ
31-08-2015,43.5,45.9,41.3,44.1,43.0,65.0,21.8,30474,1336413.05,157.0,43.85,EQ
01-09-2015,45.0,46.0,43.0,44.3,44.25,65.0,21.8,33995,1491814.75,155.0,43.88,EQ
02-09-2015,46.5,46.6,44.0,44.85,45.0,65.0,21.8,26583,1199008.35,121.0,45.1,EQ
03-09-2015,45.0,46.3,42.6,44.75,43.5,65.0,21.8,22574,1002419.3,186.0,44.41,EQ
04-09-2015,44.8,46.25,42.75,44.0,45.0,65.0,21.8,23305,1038166.7,124.0,44.55,EQ
07-09-2015,44.5,47.6,43.05,45.55,44.05,65.0,21.8,23306,1040513.5,130.0,44.65,EQ
08-09-2015,45.6,45.65,40.9,42.3,43.95,65.0,21.8,20874,909990.3,156.0,43.59,EQ
09-09-2015,44.0,45.6,41.5,42.05,42.05,65.0,21.8,1959,85653.4,50.0,43.72,EQ
10-09-2015,40.15,44.55,40.15,40.6,40.5,65.0,21.8,4360,189414.25,43.0,43.44,EQ
11-09-2015,40.15,43.7,40.05,40.25,40.25,65.0,21.8,857,34935.5,62.0,40.76,EQ
14-09-2015,42.0,42.0,37.5,38.65,38.0,65.0,21.8,9758,379783.6,95.0,38.92,EQ
15-09-2015,44.5,44.5,38.1,39.05,39.05,65.0,21.8,1041,42277.7,14.0,40.61,EQ
16-09-2015,38.55,42.0,38.55,41.0,41.0,65.0,21.8,5259,215330.8,27.0,40.95,EQ
18-09-2015,44.0,46.8,41.0,44.5,44.5,65.0,21.8,14512,631475.6,105.0,43.51,EQ
21-09-2015,44.5,45.95,41.5,42.05,42.0,65.0,21.8,18299,797777.65,183.0,43.6,EQ
22-09-2015,45.55,45.55,41.55,42.8,43.0,65.0,21.8,11073,476180.8,161.0,43.0,EQ
23-09-2015,43.0,45.5,42.05,44.65,43.0,65.0,21.8,15501,675474.85,181.0,43.58,EQ
24-09-2015,45.5,45.5,42.3,43.2,43.0,65.0,21.8,30142,1306919.05,185.0,43.36,EQ
28-09-2015,43.5,46.0,39.1,40.25,39.1,65.0,21.8,21363,918671.15,217.0,43.0,EQ
29-09-2015,41.0,42.0,39.5,39.5,39.5,65.0,21.8,299,11964.0,17.0,40.01,EQ
30-09-2015,39.35,39.35,39.0,39.0,39.0,65.0,21.8,71,2769.7,4.0,39.01,EQ
01-10-2015,41.85,41.85,37.8,38.75,37.8,65.0,21.8,1380,54529.25,15.0,39.51,EQ
05-10-2015,37.05,40.0,37.0,39.8,40.0,65.0,21.8,15631,620299.1,154.0,39.68,EQ
06-10-2015,42.0,45.0,38.0,38.95,38.05,65.0,21.8,12885,515071.1,106.0,39.97,EQ
07-10-2015,41.9,41.9,39.25,40.7,40.7,65.0,21.8,22451,902153.5,87.0,40.18,EQ
08-10-2015,40.0,42.0,40.0,41.6,41.7,65.0,21.8,64111,2610895.95,175.0,40.72,EQ
09-10-2015,41.0,43.0,40.3,41.3,41.7,65.0,21.8,54647,2277793.35,199.0,41.68,EQ
12-10-2015,41.5,43.0,41.05,42.3,42.0,65.0,21.8,90411,3833948.95,142.0,42.41,EQ
13-10-2015,42.2,44.8,41.0,41.05,41.05,65.0,21.8,54419,2268954.1,280.0,41.69,EQ
14-10-2015,41.5,42.0,40.75,41.5,41.1,65.0,21.8,33229,1376012.3,428.0,41.41,EQ
15-10-2015,41.6,44.0,41.15,42.4,42.2,65.0,21.8,39316,1657154.9,162.0,42.15,EQ
16-10-2015,42.0,44.6,41.5,43.35,43.3,65.0,21.8,40404,1731323.1,303.0,42.85,EQ
19-10-2015,43.0,44.55,42.2,42.85,43.9,65.0,21.8,26705,1145954.25,184.0,42.91,EQ
20-10-2015,43.0,44.9,40.6,41.2,41.55,65.0,21.8,46233,1989072.15,234.0,43.02,EQ
21-10-2015,42.0,42.0,40.5,41.45,41.0,65.0,21.8,30136,1253069.2,150.0,41.58,EQ
23-10-2015,42.0,42.1,39.8,39.85,39.8,65.0,21.8,29463,1214648.5,147.0,41.23,EQ
26-10-2015,42.0,42.9,39.1,40.3,40.7,65.0,21.8,100596,4102888.45,425.0,40.79,EQ
27-10-2015,42.9,42.9,39.75,40.4,40.05,65.0,21.8,50807,2070971.3,162.0,40.76,EQ
28-10-2015,41.0,41.0,39.7,39.95,40.0,65.0,21.8,33436,1355555.2,147.0,40.54,EQ
29-10-2015,40.5,40.5,37.9,38.75,38.75,65.0,21.8,23185,895851.25,147.0,38.64,EQ
30-10-2015,38.0,39.25,34.9,36.45,35.0,65.0,21.8,9373,354007.0,98.0,37.77,EQ
02-11-2015,36.0,36.9,35.1,36.2,36.9,65.0,21.8,1055,37623.1,30.0,35.66,EQ
03-11-2015,35.55,38.85,35.55,37.45,38.4,65.0,21.8,33258,1238316.8,71.0,37.23,EQ
04-11-2015,37.5,38.85,36.1,36.4,38.2,65.0,21.8,30479,1157009.7,97.0,37.96,EQ
05-11-2015,38.9,38.9,36.0,36.55,36.6,65.0,21.8,39707,1453502.15,187.0,36.61,EQ
06-11-2015,36.0,38.4,34.25,34.55,34.55,65.0,21.8,26799,967234.05,110.0,36.09,EQ
09-11-2015,34.6,34.9,34.0,34.0,34.0,65.0,21.8,102,3555.6,4.0,34.86,EQ
10-11-2015,34.2,34.2,34.0,34.0,34.0,65.0,21.8,2543,86764.5,7.0,34.12,EQ
11-11-2015,35.1,35.1,34.45,34.65,34.8,65.0,21.8,3209,111140.4,12.0,34.63,EQ
13-11-2015,34.0,34.0,34.0,34.0,34.0,65.0,21.8,163,5542.0,5.0,34.0,EQ
16-11-2015,33.1,36.0,32.65,35.65,36.0,65.0,21.8,1600,55814.75,18.0,34.88,EQ
17-11-2015,33.6,35.75,33.2,33.25,33.2,65.0,21.8,1085,37321.85,7.0,34.4,EQ
18-11-2015,33.2,34.0,32.0,32.4,33.8,65.0,21.8,6166,201568.35,51.0,32.69,EQ
19-11-2015,34.0,34.0,31.15,32.0,33.85,65.0,21.8,1646,53590.3,19.0,32.56,EQ
20-11-2015,33.9,33.9,31.6,32.6,33.2,65.0,21.8,2053,66234.1,7.0,32.26,EQ
23-11-2015,33.0,33.9,32.0,33.9,33.9,65.0,21.8,2606,86570.5,19.0,33.22,EQ
26-11-2015,33.85,33.85,31.5,32.25,32.25,65.0,21.8,260,8501.75,20.0,32.7,EQ
27-11-2015,31.5,32.0,31.5,31.7,31.7,65.0,21.8,650,20654.0,22.0,31.78,EQ
30-11-2015,31.35,33.0,31.1,31.9,33.0,65.0,21.8,308,9708.6,19.0,31.52,EQ
01-12-2015,33.0,33.0,30.1,30.75,30.1,65.0,21.8,961,30027.5,16.0,31.25,EQ
02-12-2015,30.55,32.45,30.55,31.05,31.0,65.0,21.8,3159,98483.0,21.0,31.18,EQ
03-12-2015,32.45,34.0,31.65,32.05,32.5,65.0,21.8,5212,169785.65,25.0,32.58,EQ
04-12-2015,33.85,33.85,29.2,31.7,31.9,65.0,21.8,16539,509524.05,101.0,30.81,EQ
07-12-2015,32.15,32.2,30.7,31.9,31.9,65.0,21.8,17681,551922.85,30.0,31.22,EQ
08-12-2015,32.5,32.5,30.25,30.25,30.5,65.0,21.8,20456,648207.2,113.0,31.69,EQ
09-12-2015,32.4,32.5,30.1,31.05,31.0,65.0,21.8,14025,439624.0,65.0,31.35,EQ
10-12-2015,31.8,32.0,30.9,30.95,32.0,65.0,21.8,14423,455998.5,78.0,31.62,EQ
11-12-2015,32.3,32.3,30.35,30.4,30.4,65.0,21.8,4561,142718.95,19.0,31.29,EQ
14-12-2015,30.5,32.0,30.25,30.25,30.25,65.0,21.8,9105,282125.35,36.0,30.99,EQ
15-12-2015,31.5,31.5,30.0,30.0,30.0,65.0,21.8,10663,328653.8,39.0,30.82,EQ
16-12-2015,30.2,31.5,29.8,30.05,31.5,65.0,21.8,1527,45913.35,15.0,30.07,EQ
17-12-2015,30.15,31.85,30.15,30.25,30.25,65.0,21.8,2508,77161.75,25.0,30.77,EQ
18-12-2015,32.85,32.85,30.2,31.45,31.0,65.0,21.8,1208,38286.4,21.0,31.69,EQ
21-12-2015,32.0,32.0,31.5,31.5,31.5,65.0,21.8,1017,32169.5,3.0,31.63,EQ
22-12-2015,31.9,32.5,30.5,31.25,32.0,65.0,21.8,12463,394803.5,37.0,31.68,EQ
23-12-2015,32.0,33.4,31.25,32.5,32.5,65.0,21.8,24896,805939.5,116.0,32.37,EQ
24-12-2015,32.0,33.75,32.0,32.05,32.0,65.0,21.8,13000,423397.35,53.0,32.57,EQ
28-12-2015,32.3,32.65,31.0,31.45,31.0,65.0,21.8,7005,225795.0,31.0,32.23,EQ
29-12-2015,32.0,32.7,31.0,31.35,31.0,65.0,21.8,14974,473920.6,62.0,31.65,EQ
30-12-2015,31.05,32.0,30.3,31.85,31.85,65.0,21.8,30079,944242.4,77.0,31.39,EQ
31-12-2015,31.05,32.7,31.05,32.35,32.35,65.0,21.8,13926,438754.4,47.0,31.51,EQ
01-01-2016,31.35,32.5,31.35,31.5,31.5,65.0,21.8,15615,496607.05,52.0,31.8,EQ
04-01-2016,31.5,32.9,29.1,29.85,29.1,65.0,21.8,19412,585894.3,123.0,30.18,EQ
05-01-2016,30.0,30.95,29.85,30.5,30.5,65.0,21.8,3429,104284.95,24.0,30.41,EQ
06-01-2016,29.35,30.45,28.0,28.5,29.1,65.0,21.8,5957,174398.8,57.0,29.28,EQ
07-01-2016,29.85,30.5,28.2,29.85,29.85,65.0,21.8,3007,88851.35,17.0,29.55,EQ
08-01-2016,29.5,30.2,28.05,28.3,28.3,65.0,21.8,639,18212.7,13.0,28.5,EQ
11-01-2016,28.25,30.1,28.05,28.9,29.8,65.0,21.8,3490,101213.15,22.0,29.0,EQ
12-01-2016,30.0,30.0,28.0,28.45,28.05,65.0,21.8,7014,202588.2,19.0,28.88,EQ
13-01-2016,28.6,29.75,28.0,28.1,28.05,65.0,21.8,39450,1126421.3,180.0,28.55,EQ
14-01-2016,29.2,29.4,28.05,29.0,29.3,65.0,21.8,20327,587261.9,80.0,28.89,EQ
15-01-2016,28.5,29.5,27.5,27.9,27.5,65.0,21.8,17813,510340.9,86.0,28.65,EQ
18-01-2016,28.0,30.4,27.5,27.65,27.5,65.0,21.8,20785,588449.65,139.0,28.31,EQ
19-01-2016,27.7,29.2,27.7,28.8,28.8,65.0,21.8,1321,37496.35,14.0,28.38,EQ
20-01-2016,28.0,28.45,26.35,27.45,27.1,65.0,21.8,499,13491.6,22.0,27.04,EQ
21-01-2016,27.1,29.0,27.1,27.9,27.9,65.0,21.8,6708,191196.8,7.0,28.5,EQ
22-01-2016,29.0,31.0,27.9,29.45,29.3,65.0,21.8,9448,275067.0,77.0,29.11,EQ
25-01-2016,30.4,30.4,27.1,28.35,30.3,65.0,21.8,13843,392523.45,47.0,28.36,EQ
27-01-2016,28.15,29.45,28.15,29.45,29.45,65.0,21.8,707,20561.15,5.0,29.08,EQ
28-01-2016,30.8,30.8,28.5,28.5,28.5,65.0,21.8,3800,109040.0,10.0,28.69,EQ
29-01-2016,28.6,32.0,28.55,30.65,31.0,65.0,21.8,11167,336029.2,107.0,30.09,EQ
01-02-2016,30.6,33.4,30.3,32.3,33.0,65.0,21.8,42418,1354607.2,115.0,31.93,EQ
02-02-2016,33.0,33.4,31.65,32.7,32.65,65.0,21.8,34751,1135878.25,144.0,32.69,EQ
03-02-2016,31.5,33.85,29.9,30.05,31.0,65.0,21.8,41053,1306383.95,187.0,31.82,EQ
04-02-2016,32.15,32.2,30.25,31.2,30.55,65.0,21.8,17705,554094.75,86.0,31.3,EQ
05-02-2016,31.9,31.9,30.15,31.6,31.6,65.0,21.8,34335,1080935.05,143.0,31.48,EQ
08-02-2016,32.9,34.2,30.1,31.65,30.75,65.0,21.8,23000,725889.75,153.0,31.56,EQ
09-02-2016,32.0,32.0,30.1,31.9,32.0,65.0,21.8,107765,3413193.6,273.0,31.67,EQ
10-02-2016,32.0,32.7,31.0,32.4,32.5,65.0,21.8,26836,851326.9,120.0,31.72,EQ
11-02-2016,32.5,32.65,30.0,31.25,31.3,65.0,21.8,76907,2429154.15,288.0,31.59,EQ
12-02-2016,32.0,32.0,28.05,30.25,30.5,65.0,21.8,110609,3336374.7,230.0,30.16,EQ
15-02-2016,31.8,32.5,30.4,31.25,31.0,65.0,21.8,115284,3610843.1,283.0,31.32,EQ
16-02-2016,32.0,32.0,30.05,31.45,31.45,65.0,21.8,79833,2503201.15,303.0,31.36,EQ
17-02-2016,31.7,32.4,30.8,31.65,31.5,65.0,21.8,81966,2574897.1,189.0,31.41,EQ
18-02-2016,32.8,33.8,30.5,32.5,32.65,65.0,21.8,100020,3196913.45,192.0,31.96,EQ
19-02-2016,32.8,35.7,32.05,35.05,35.3,65.0,21.8,109336,3779962.65,377.0,34.57,EQ
22-02-2016,35.4,39.35,35.05,36.9,36.5,65.0,21.8,99290,3689202.1,426.0,37.16,EQ
23-02-2016,38.4,39.4,32.0,33.7,34.0,65.0,21.8,104092,3620676.85,406.0,34.78,EQ
24-02-2016,35.0,35.0,32.6,34.1,34.25,65.0,21.8,98243,3308831.8,184.0,33.68,EQ
25-02-2016,34.8,34.8,31.4,34.35,33.0,65.0,21.8,133459,4471260.6,244.0,33.5,EQ
26-02-2016,33.0,33.0,31.45,31.8,32.8,65.0,21.8,24727,793800.55,66.0,32.1,EQ
29-02-2016,31.0,33.95,28.6,30.45,33.75,65.0,21.8,52319,1585358.0,224.0,30.3,EQ
01-03-2016,31.7,35.5,31.7,34.3,35.5,65.0,21.8,70600,2397138.35,222.0,33.95,EQ
02-03-2016,33.8,35.8,33.8,34.7,34.7,65.0,21.8,65667,2299960.8,234.0,35.02,EQ
03-03-2016,34.75,36.0,34.0,34.4,34.9,65.0,21.8,67084,2343167.95,225.0,34.93,EQ
04-03-2016,35.8,36.0,33.0,33.85,33.95,65.0,21.8,85235,2908077.25,283.0,34.12,EQ
08-03-2016,35.2,36.8,33.65,34.9,35.4,65.0,21.8,87557,3047154.65,388.0,34.8,EQ
09-03-2016,35.95,35.95,34.55,35.5,34.55,65.0,21.8,97650,3450661.15,349.0,35.34,EQ
10-03-2016,35.75,35.75,34.25,34.7,34.5,65.0,21.8,101192,3528954.05,386.0,34.87,EQ
11-03-2016,35.0,35.4,34.0,34.6,34.25,65.0,21.8,87150,3030607.85,376.0,34.77,EQ
14-03-2016,34.8,35.05,34.0,34.75,35.0,65.0,21.8,115936,4018290.75,413.0,34.66,EQ
15-03-2016,35.25,37.5,34.0,34.7,34.0,65.0,21.8,145473,5033403.2,644.0,34.6,EQ
16-03-2016,35.9,35.9,34.0,35.0,35.0,65.0,21.8,209289,7279411.1,397.0,34.78,EQ
17-03-2016,34.5,35.9,34.0,34.9,34.5,65.0,21.8,106752,3738077.75,1072.0,35.02,EQ
18-03-2016,35.1,35.9,34.05,34.95,35.0,65.0,21.8,117940,4108094.5,2336.0,34.83,EQ
21-03-2016,35.1,35.9,34.15,34.45,34.9,65.0,21.8,86418,3001184.75,251.0,34.73,EQ
22-03-2016,35.4,36.8,32.9,34.55,34.75,65.0,21.8,141573,4891892.55,184.0,34.55,EQ
23-03-2016,34.0,34.85,34.0,34.65,34.8,65.0,21.8,85953,2975022.95,265.0,34.61,EQ
28-03-2016,34.5,35.0,32.0,33.35,32.05,65.0,21.8,163189,5574932.1,330.0,34.16,EQ
29-03-2016,34.7,35.0,32.0,33.75,32.05,65.0,21.8,212242,7183397.75,517.0,33.85,EQ
30-03-2016,32.4,34.5,32.0,33.5,33.95,65.0,21.8,120288,4042811.3,504.0,33.61,EQ
31-03-2016,33.9,34.75,33.5,33.8,34.5,65.0,21.8,77718,2651240.0,345.0,34.11,EQ
01-04-2016,34.6,34.6,32.5,33.4,34.0,65.0,21.8,67741,2290755.4,315.0,33.82,EQ
04-04-2016,33.9,36.85,33.1,34.0,34.0,65.0,23.0,84193,2845023.0,227.0,33.79,EQ
05-04-2016,34.15,34.85,33.4,33.65,34.5,65.0,23.0,60726,2070418.9,136.0,34.09,EQ
06-04-2016,34.5,34.95,33.3,34.3,34.05,65.0,23.0,148276,5066088.6,310.0,34.17,EQ
07-04-2016,34.3,35.9,33.55,34.4,34.2,65.0,23.0,89457,3060872.2,277.0,34.22,EQ
08-04-2016,35.8,35.9,33.7,34.05,35.0,65.0,23.0,78276,2696289.4,224.0,34.45,EQ
11-04-2016,35.4,35.9,33.6,34.55,34.0,65.0,26.35,136738,4692765.95,363.0,34.32,EQ
12-04-2016,35.85,35.85,33.2,34.2,33.8,65.0,26.35,118322,4037969.7,396.0,34.13,EQ
13-04-2016,35.0,41.0,33.8,41.0,41.0,65.0,26.35,186646,6818094.55,352.0,36.53,EQ
18-04-2016,40.7,46.0,40.7,41.45,41.9,65.0,26.35,57539,2462964.4,567.0,42.81,EQ
20-04-2016,42.0,49.7,41.6,42.1,41.6,65.0,26.35,113538,5011905.25,785.0,44.14,EQ
21-04-2016,42.25,44.8,41.0,41.8,41.25,65.0,26.35,24786,1050136.75,161.0,42.37,EQ
22-04-2016,41.0,44.05,38.65,41.0,42.0,65.0,26.35,37914,1618760.1,238.0,42.7,EQ
25-04-2016,42.6,42.95,39.25,41.4,41.25,65.0,26.35,93283,3824632.75,94.0,41.0,EQ
26-04-2016,42.2,49.65,42.1,47.7,47.35,65.0,26.35,647598,30868735.95,2007.0,47.67,EQ
27-04-2016,48.7,50.0,44.6,45.1,45.1,65.0,26.35,223520,10531023.8,1147.0,47.11,EQ
28-04-2016,45.9,46.5,44.15,44.4,44.3,65.0,26.35,29855,1338958.6,160.0,44.85,EQ
29-04-2016,45.4,46.0,42.8,44.85,45.0,65.0,26.35,66960,2952766.65,178.0,44.1,EQ
02-05-2016,44.75,53.8,42.0,53.8,53.8,65.0,26.35,526950,25496599.2,2089.0,48.39,EQ
03-05-2016,52.9,53.7,45.55,49.3,49.15,65.0,26.35,93019,4670781.05,1271.0,50.21,EQ
04-05-2016,48.2,50.9,47.25,48.1,47.25,65.0,26.35,44241,2141205.05,438.0,48.4,EQ
05-05-2016,47.5,49.0,44.1,45.45,45.05,65.0,26.35,46245,2109566.5,492.0,45.62,EQ
06-05-2016,46.5,46.5,43.6,44.2,44.0,65.0,26.35,6093,269631.8,108.0,44.25,EQ
09-05-2016,46.0,48.0,44.8,45.0,45.7,65.0,26.35,72257,3261143.7,264.0,45.13,EQ
10-05-2016,46.7,46.7,43.5,44.45,44.15,65.0,26.35,54760,2438024.3,106.0,44.52,EQ
11-05-2016,43.0,46.4,42.0,44.3,43.8,65.0,26.35,51480,2297592.65,195.0,44.63,EQ
12-05-2016,46.1,47.3,42.85,44.1,44.0,65.0,26.35,117031,5219488.0,255.0,44.6,EQ
13-05-2016,44.1,44.85,42.8,43.0,42.8,65.0,26.35,9393,408438.35,61.0,43.48,EQ
16-05-2016,43.1,44.35,41.5,43.05,43.0,65.0,26.35,12985,563981.25,80.0,43.43,EQ
17-05-2016,43.0,43.6,42.15,42.4,42.15,65.0,26.35,16085,693032.25,42.0,43.09,EQ
18-05-2016,42.35,43.45,40.15,41.85,41.0,65.0,26.35,21607,909137.8,153.0,42.08,EQ
19-05-2016,40.5,44.0,40.5,42.3,42.2,65.0,26.35,15691,665268.3,96.0,42.4,EQ
20-05-2016,42.8,47.75,40.45,40.9,41.0,65.0,26.35,26509,1113250.4,170.0,42.0,EQ
23-05-2016,42.5,42.5,38.0,38.3,38.05,65.0,26.35,45680,1770698.1,173.0,38.76,EQ
24-05-2016,39.75,39.75,37.5,38.8,39.2,65.0,26.35,42476,1640699.85,60.0,38.63,EQ
25-05-2016,40.0,46.55,40.0,46.55,46.55,65.0,26.35,607272,27885177.65,977.0,45.92,EQ
26-05-2016,45.9,45.9,38.3,40.8,40.45,65.0,26.35,202709,8447865.15,1899.0,41.67,EQ
27-05-2016,41.0,41.0,38.55,39.55,40.0,65.0,26.35,12667,499548.8,234.0,39.44,EQ
30-05-2016,41.1,41.8,38.0,38.9,39.0,65.0,26.35,14486,559309.35,151.0,38.61,EQ
31-05-2016,38.05,39.5,37.0,37.15,37.05,65.0,26.35,17359,653261.45,192.0,37.63,EQ
01-06-2016,38.5,44.55,35.15,43.85,44.55,65.0,26.35,283844,12287142.6,554.0,43.29,EQ
02-06-2016,46.7,46.7,40.5,42.55,43.0,65.0,26.35,27393,1157047.9,530.0,42.24,EQ
03-06-2016,43.0,44.0,41.1,43.05,43.0,65.0,26.35,24006,1037134.1,122.0,43.2,EQ
06-06-2016,41.3,49.4,40.6,44.3,44.05,61.6,26.35,31377,1443872.5,371.0,46.02,EQ
07-06-2016,44.05,52.4,44.0,49.4,49.5,61.6,26.35,181788,8678139.7,920.0,47.74,EQ
08-06-2016,49.5,56.0,46.6,47.65,47.0,61.6,26.35,68829,3462951.05,714.0,50.31,EQ
09-06-2016,47.0,50.4,46.4,48.2,47.2,61.6,26.35,2520,122388.25,60.0,48.57,EQ
10-06-2016,46.5,49.5,46.35,46.55,46.55,61.6,26.35,607,28810.95,28.0,47.46,EQ
13-06-2016,48.5,48.5,44.0,46.05,45.5,57.35,26.35,5642,258161.0,73.0,45.76,EQ
14-06-2016,45.0,46.3,43.45,45.55,45.55,57.35,26.35,23533,1067008.75,83.0,45.34,EQ
15-06-2016,44.2,45.4,44.15,44.9,45.3,57.35,26.35,17932,804054.7,71.0,44.84,EQ
16-06-2016,43.7,45.45,42.6,43.3,43.5,57.35,26.35,10889,472315.4,69.0,43.38,EQ
17-06-2016,44.0,46.9,42.15,45.0,44.45,57.35,26.35,12761,573882.95,59.0,44.97,EQ
20-06-2016,45.9,46.0,42.55,43.7,44.5,56.7,26.35,14655,640746.5,77.0,43.72,EQ
21-06-2016,48.0,48.0,42.9,43.05,42.95,56.7,26.35,6389,283785.85,78.0,44.42,EQ
22-06-2016,44.85,44.85,42.5,43.45,43.2,56.7,26.35,107501,4663469.35,199.0,43.38,EQ
23-06-2016,42.65,43.0,41.5,42.7,42.0,56.7,26.35,81994,3489165.2,178.0,42.55,EQ
24-06-2016,41.75,42.0,39.05,40.65,40.8,56.7,26.35,4706,189901.85,87.0,40.35,EQ
27-06-2016,40.8,46.4,40.8,41.65,41.15,56.7,26.35,19856,846069.15,196.0,42.61,EQ
28-06-2016,43.45,48.5,42.35,44.55,43.6,56.7,26.35,290908,13344277.3,1115.0,45.87,EQ
29-06-2016,44.9,48.5,44.5,44.75,44.85,56.7,26.35,37860,1752423.0,287.0,46.29,EQ
30-06-2016,45.5,53.7,45.5,53.7,53.7,56.7,26.35,430844,22300594.35,1523.0,51.76,EQ
01-07-2016,54.0,62.4,54.0,55.35,55.15,62.4,26.35,306404,17376351.8,3277.0,56.71,EQ
04-07-2016,55.35,58.8,53.8,54.8,55.35,62.4,26.35,165933,9165233.4,793.0,55.23,EQ
05-07-2016,54.0,57.5,53.8,54.0,53.8,62.4,26.35,67290,3702361.8,457.0,55.02,EQ
07-07-2016,53.7,64.8,52.6,64.8,64.8,64.8,26.35,504043,31260963.45,2639.0,62.02,EQ
08-07-2016,62.5,68.0,61.0,63.7,63.8,68.0,26.35,316559,20033233.95,1432.0,63.28,EQ
11-07-2016,65.7,67.9,63.3,64.2,65.3,68.0,26.35,36800,2381098.85,317.0,64.7,EQ
12-07-2016,64.2,64.2,61.1,62.4,61.95,68.0,26.35,44789,2782517.8,345.0,62.13,EQ
13-07-2016,63.0,63.5,60.6,61.1,61.0,68.0,26.35,25195,1549727.7,128.0,61.51,EQ
14-07-2016,62.0,64.7,59.2,60.2,59.5,68.0,26.35,45463,2801443.45,419.0,61.62,EQ
15-07-2016,60.0,61.0,57.5,57.85,57.6,68.0,26.35,167987,9808859.9,345.0,58.39,EQ
18-07-2016,58.45,63.6,58.45,63.55,63.6,68.0,26.35,310193,19466253.05,622.0,62.76,EQ
19-07-2016,62.65,67.8,60.5,61.3,61.25,68.0,26.35,139233,8852171.2,938.0,63.58,EQ
20-07-2016,61.0,64.5,61.0,63.25,62.8,68.0,26.35,34752,2205055.75,384.0,63.45,EQ
21-07-2016,64.5,64.5,61.25,61.35,61.3,68.0,26.35,53195,3315496.35,202.0,62.33,EQ
22-07-2016,61.05,64.8,60.95,63.65,63.0,68.0,26.35,110558,7059534.95,334.0,63.85,EQ
25-07-2016,63.65,65.4,62.0,62.5,62.9,68.0,26.35,29573,1866741.65,214.0,63.12,EQ
26-07-2016,63.85,63.9,61.6,62.0,61.6,68.0,26.35,15253,948902.45,120.0,62.21,EQ
27-07-2016,61.6,63.0,60.2,61.05,61.0,68.0,26.35,29960,1853471.7,204.0,61.86,EQ
28-07-2016,61.0,61.5,60.55,60.95,60.95,68.0,26.35,21610,1324888.2,31.0,61.31,EQ
29-07-2016,60.0,61.0,59.5,59.95,60.0,68.0,26.35,14617,886411.7,42.0,60.64,EQ
01-08-2016,60.5,63.0,60.0,60.85,61.25,68.0,26.35,50334,3114690.15,207.0,61.88,EQ
02-08-2016,60.85,65.75,58.2,62.05,62.1,68.0,26.35,129138,8052732.35,677.0,62.36,EQ
03-08-2016,61.25,62.4,60.25,60.35,60.25,68.0,26.35,772,46940.6,22.0,60.8,EQ
04-08-2016,64.8,64.8,58.25,61.7,60.55,68.0,26.35,166799,10217842.95,415.0,61.26,EQ
05-08-2016,63.8,63.8,62.0,63.0,63.0,68.0,26.35,23907,1500152.35,39.0,62.75,EQ
08-08-2016,63.4,65.0,63.3,64.0,64.75,68.0,26.35,89756,5719230.35,243.0,63.72,EQ
09-08-2016,64.9,74.4,63.15,64.2,64.0,74.4,26.35,123491,8329217.95,1385.0,67.45,EQ
10-08-2016,64.05,64.9,63.0,64.2,64.9,74.4,26.35,5121,328267.45,132.0,64.1,EQ
11-08-2016,64.6,68.8,63.0,63.55,63.15,74.4,26.35,119968,7679605.15,342.0,64.01,EQ
12-08-2016,64.8,76.25,64.8,76.2,75.9,76.25,26.35,568017,41048029.75,3443.0,72.27,EQ
16-08-2016,81.9,85.5,72.1,72.9,72.4,85.5,26.35,198620,15382236.55,1406.0,77.45,EQ
17-08-2016,72.2,74.95,69.0,71.15,71.8,85.5,26.35,213382,15171953.9,475.0,71.1,EQ
18-08-2016,70.9,73.9,70.0,72.05,70.6,85.5,26.35,42023,3030714.45,359.0,72.12,EQ
19-08-2016,72.9,74.8,72.0,72.0,72.0,85.5,26.35,21108,1533902.4,180.0,72.67,EQ
22-08-2016,72.0,74.35,70.0,71.9,71.8,85.5,26.35,26039,1885220.4,188.0,72.4,EQ
23-08-2016,71.8,73.9,71.0,71.4,71.0,85.5,26.35,11196,806296.4,102.0,72.02,EQ
24-08-2016,70.0,73.85,68.75,69.7,70.0,85.5,26.35,162019,11587589.7,480.0,71.52,EQ
25-08-2016,69.8,72.9,68.2,68.7,68.2,85.5,26.35,6524,454705.25,144.0,69.7,EQ
26-08-2016,68.8,71.95,65.25,68.85,69.05,85.5,26.35,46238,3200469.0,220.0,69.22,EQ
29-08-2016,68.0,71.5,67.95,70.3,71.5,85.5,26.35,6606,459485.85,87.0,69.56,EQ
30-08-2016,70.25,84.35,69.0,83.1,84.35,85.5,26.35,556689,43275254.75,3601.0,77.74,EQ
31-08-2016,84.5,94.4,78.1,80.0,80.0,94.4,26.35,187929,15873915.15,1849.0,84.47,EQ
01-09-2016,80.95,81.85,72.2,74.65,75.5,94.4,26.35,205750,16067926.4,1264.0,78.09,EQ
02-09-2016,74.6,79.0,73.0,74.9,74.55,94.4,26.35,95748,7247679.0,713.0,75.7,EQ
06-09-2016,76.9,83.4,75.0,77.95,77.8,94.4,26.35,220736,17407623.3,1788.0,78.86,EQ
07-09-2016,78.5,84.9,76.3,77.85,77.5,94.4,26.35,216361,17164887.7,1375.0,79.33,EQ
08-09-2016,77.7,80.55,71.3,76.85,76.6,94.4,26.35,136742,10499565.75,799.0,76.78,EQ
09-09-2016,77.7,80.0,73.6,78.45,78.0,94.4,26.35,110128,8650549.65,644.0,78.55,EQ
12-09-2016,76.0,79.9,74.0,75.6,76.75,94.4,26.35,15446,1174221.4,241.0,76.02,EQ
14-09-2016,74.1,87.45,72.75,83.05,82.5,94.4,26.35,490269,40809827.95,2714.0,83.24,EQ
15-09-2016,82.0,88.0,78.9,79.8,80.0,94.4,26.35,196409,15843282.9,1171.0,80.66,EQ
16-09-2016,79.75,95.75,79.75,95.3,95.75,95.75,26.35,580097,52889929.9,4046.0,91.17,EQ
19-09-2016,102.2,105.0,93.6,95.3,94.0,105.0,26.35,308286,29895041.3,2523.0,96.97,EQ
20-09-2016,96.0,100.5,93.75,96.7,97.0,105.0,26.35,192809,18909309.75,1041.0,98.07,EQ
21-09-2016,97.6,98.8,94.3,95.55,95.7,105.0,26.35,103189,9945657.0,360.0,96.38,EQ
22-09-2016,97.45,105.0,95.0,98.4,99.0,105.0,26.35,420697,41622435.95,2480.0,98.94,EQ
23-09-2016,99.3,103.8,95.2,100.05,100.2,105.0,26.35,345028,33894618.5,1889.0,98.24,EQ
26-09-2016,97.05,105.0,97.05,100.95,101.95,105.0,26.35,163392,16469675.15,844.0,100.8,EQ
27-09-2016,101.0,110.0,101.0,107.0,107.45,110.0,26.35,252459,26650971.4,2379.0,105.57,EQ
28-09-2016,106.75,123.8,106.0,116.8,116.7,123.8,26.35,819716,94615216.9,6731.0,115.42,EQ
29-09-2016,117.0,124.0,95.3,102.0,101.75,124.0,26.35,468945,52064350.8,4016.0,111.02,EQ
30-09-2016,101.65,108.45,97.0,101.35,101.5,124.0,26.35,239548,24595551.1,1782.0,102.67,EQ
03-10-2016,103.6,111.5,101.45,108.15,107.6,124.0,26.35,337432,35888022.1,2778.0,106.36,EQ
04-10-2016,109.6,116.7,106.5,114.5,114.0,124.0,26.35,617352,69664500.05,4672.0,112.84,EQ
05-10-2016,114.5,115.35,108.15,112.4,112.5,124.0,26.35,118066,13235542.55,1142.0,112.1,EQ
06-10-2016,113.5,120.0,112.1,118.15,117.0,124.0,26.35,482246,56056724.05,1343.0,116.24,EQ
07-10-2016,117.6,119.9,114.1,117.45,117.0,124.0,26.35,96030,11290056.4,884.0,117.57,EQ
10-10-2016,118.9,124.8,118.0,121.75,122.6,124.8,26.35,523079,63269830.8,1727.0,120.96,EQ
13-10-2016,12.4,14.3,12.3,13.4,13.5,124.8,12.3,3332249,44424447.15,7432.0,13.33,EQ
14-10-2016,13.7,14.3,13.15,13.65,13.5,124.8,12.3,2825677,38641344.35,4606.0,13.68,EQ
17-10-2016,13.95,14.2,11.25,12.4,12.5,124.8,11.25,1689480,21628340.95,3903.0,12.8,EQ
18-10-2016,12.7,13.0,11.3,11.7,11.6,124.8,11.25,1732039,20857419.05,2668.0,12.04,EQ
19-10-2016,12.0,14.0,10.3,13.95,14.0,124.8,10.3,5884828,75633390.25,5696.0,12.85,EQ
20-10-2016,13.7,14.95,12.75,13.55,13.6,124.8,10.3,2599232,36114681.0,6217.0,13.89,EQ
21-10-2016,13.55,14.25,13.2,13.45,13.4,124.8,10.3,1796429,24555319.8,3113.0,13.67,EQ
24-10-2016,13.8,13.9,12.9,13.0,13.0,124.8,10.3,1472726,19383253.0,2525.0,13.16,EQ
25-10-2016,12.75,13.7,12.75,13.2,13.2,124.8,10.3,2099286,27685137.25,1674.0,13.19,EQ
26-10-2016,13.15,13.5,12.9,13.4,13.45,124.8,10.3,1698201,22365309.35,1151.0,13.17,EQ
27-10-2016,13.35,13.4,13.05,13.3,13.2,124.8,10.3,1811306,23917292.35,570.0,13.2,EQ
28-10-2016,13.55,14.2,12.25,12.95,13.0,124.8,10.3,3746035,49159954.95,3691.0,13.12,EQ
30-10-2016,13.2,14.2,13.2,13.9,13.6,124.8,10.3,1109295,15390923.75,1135.0,13.87,EQ
01-11-2016,13.5,13.9,12.9,12.95,12.95,124.8,10.3,1629361,21688563.05,1828.0,13.31,EQ
02-11-2016,13.2,13.2,12.6,12.65,12.65,124.8,10.3,475590,6042067.35,439.0,12.7,EQ
03-11-2016,12.85,13.2,12.6,13.0,13.0,124.8,10.3,1652348,21433106.5,1283.0,12.97,EQ
04-11-2016,13.0,13.7,13.0,13.0,13.05,124.8,10.3,829397,10869791.7,1060.0,13.11,EQ
07-11-2016,13.3,14.0,13.1,13.4,13.2,124.8,10.3,3125169,41895724.45,2319.0,13.41,EQ
08-11-2016,13.35,13.9,12.3,13.75,13.6,124.8,10.3,2020884,27301915.25,2801.0,13.51,EQ
09-11-2016,11.55,11.85,11.0,11.0,11.0,124.8,10.3,1587201,17602123.9,1319.0,11.09,EQ
10-11-2016,11.65,12.4,10.75,11.1,11.1,124.8,10.3,1788702,20209950.0,1585.0,11.3,EQ
11-11-2016,10.9,10.95,9.6,10.25,10.5,124.8,9.6,691218,7156668.55,606.0,10.35,EQ
15-11-2016,10.55,10.55,9.15,9.35,9.45,124.8,9.15,530000,4996061.85,617.0,9.43,EQ
16-11-2016,9.85,9.85,8.6,9.1,9.25,124.8,8.6,271037,2517764.45,328.0,9.29,EQ
17-11-2016,9.15,9.4,8.6,9.15,9.2,124.8,8.6,1044325,9384108.3,603.0,8.99,EQ
18-11-2016,8.65,9.8,8.55,9.2,9.3,124.8,8.55,1133439,10415867.4,540.0,9.19,EQ
21-11-2016,9.35,9.35,9.05,9.1,9.1,124.8,8.55,194652,1784181.45,215.0,9.17,EQ
22-11-2016,9.55,9.55,9.05,9.2,9.1,124.8,8.55,143031,1311877.5,115.0,9.17,EQ
23-11-2016,9.15,9.75,9.15,9.3,9.25,124.8,8.55,231519,2160866.65,159.0,9.33,EQ
24-11-2016,9.2,9.7,9.0,9.45,9.5,124.8,8.55,342383,3189950.15,222.0,9.32,EQ
25-11-2016,9.3,10.35,9.3,10.35,10.35,124.8,8.55,732580,7452578.75,495.0,10.17,EQ
28-11-2016,10.55,11.0,10.3,10.45,10.5,124.8,8.55,163727,1735163.1,243.0,10.6,EQ
29-11-2016,10.5,11.35,10.25,10.45,10.3,124.8,8.55,1849330,19716539.95,512.0,10.66,EQ
30-11-2016,10.65,11.25,10.25,10.9,10.85,124.8,8.55,840412,9153426.5,526.0,10.89,EQ
01-12-2016,11.1,11.45,10.75,11.05,11.0,124.8,8.55,316574,3501043.6,245.0,11.06,EQ
02-12-2016,11.05,11.3,10.7,11.1,11.15,124.8,8.55,367000,4062115.9,266.0,11.07,EQ
05-12-2016,10.9,12.0,10.35,11.75,11.6,124.8,8.55,596580,6774846.5,1050.0,11.36,EQ
06-12-2016,11.8,12.35,11.3,11.4,11.35,124.8,8.55,278333,3259318.95,1058.0,11.71,EQ
07-12-2016,11.5,11.8,11.0,11.1,11.3,124.8,8.55,528443,6012598.55,295.0,11.38,EQ
08-12-2016,11.05,13.3,10.85,13.3,13.3,124.8,8.55,3248238,41078022.35,1858.0,12.65,EQ
09-12-2016,14.4,14.5,13.5,13.7,13.7,124.8,8.55,1149430,15873628.15,2613.0,13.81,EQ
12-12-2016,13.6,14.7,13.15,13.5,13.5,124.8,8.55,550167,7535440.3,701.0,13.7,EQ
13-12-2016,13.5,14.7,12.8,13.85,13.85,124.8,8.55,740168,10252158.35,1010.0,13.85,EQ
14-12-2016,13.85,14.35,13.35,13.35,13.35,124.8,8.55,313174,4274297.25,358.0,13.65,EQ
15-12-2016,13.35,13.9,13.2,13.45,13.4,124.8,8.55,536932,7251772.85,721.0,13.51,EQ
16-12-2016,13.2,13.75,13.2,13.45,13.35,124.8,8.55,277126,3731797.35,672.0,13.47,EQ
19-12-2016,13.45,13.55,13.1,13.3,13.45,124.8,8.55,315035,4202091.8,306.0,13.34,EQ
20-12-2016,13.25,13.8,13.05,13.3,13.4,124.8,8.55,320476,4296903.65,669.0,13.41,EQ
21-12-2016,13.4,14.3,12.25,12.55,12.5,124.8,8.55,755113,10026726.3,1256.0,13.28,EQ
22-12-2016,12.4,12.6,11.7,11.8,11.75,124.8,8.55,247827,2960148.2,667.0,11.94,EQ
23-12-2016,12.0,12.45,11.5,11.65,11.55,124.8,8.55,998254,11686476.6,1275.0,11.71,EQ
26-12-2016,11.65,11.65,11.1,11.25,11.1,124.8,8.55,170435,1942162.3,363.0,11.4,EQ
27-12-2016,11.0,11.35,11.0,11.05,11.05,124.8,8.55,72829,806224.45,169.0,11.07,EQ
28-12-2016,11.4,12.0,11.0,11.2,11.2,124.8,8.55,941277,10582121.5,945.0,11.24,EQ
29-12-2016,11.4,13.2,10.5,12.15,12.3,124.8,8.55,1795159,20505896.85,3338.0,11.42,EQ
30-12-2016,12.25,13.4,11.5,11.65,11.8,124.8,8.55,2128759,25657733.25,3492.0,12.05,EQ
02-01-2017,11.8,12.5,11.4,11.7,11.75,124.8,8.55,1545566,18327584.15,2195.0,11.86,EQ
03-01-2017,11.7,12.4,11.3,12.15,12.2,124.8,8.55,1840222,21924226.55,2174.0,11.91,EQ
04-01-2017,12.25,12.75,12.05,12.4,12.45,124.8,8.55,1451332,17785340.6,1489.0,12.25,EQ
05-01-2017,12.65,12.8,12.15,12.2,12.15,124.8,8.55,1378001,16970889.7,2125.0,12.32,EQ
06-01-2017,12.45,12.7,11.95,12.0,12.0,124.8,8.55,957208,11661356.3,1182.0,12.18,EQ
09-01-2017,12.15,12.3,11.85,11.9,12.05,124.8,8.55,701639,8440287.85,579.0,12.03,EQ
10-01-2017,11.85,12.3,11.85,12.05,12.05,124.8,8.55,1077223,12973599.8,804.0,12.04,EQ
11-01-2017,12.15,12.35,12.0,12.0,12.0,124.8,8.55,795096,9636028.05,785.0,12.12,EQ
12-01-2017,12.1,12.3,11.35,12.1,12.25,124.8,8.55,891952,10605451.15,621.0,11.89,EQ
13-01-2017,12.05,13.2,11.5,12.5,12.75,124.8,8.55,2364484,29180096.5,2692.0,12.34,EQ
16-01-2017,12.85,12.85,12.5,12.55,12.6,124.8,8.55,676518,8495839.85,515.0,12.56,EQ
17-01-2017,12.75,13.7,12.1,12.25,12.25,124.8,8.55,2408593,30343982.3,2545.0,12.6,EQ
18-01-2017,12.2,12.8,12.05,12.15,12.2,124.8,8.55,960653,11800018.6,773.0,12.28,EQ
19-01-2017,12.2,12.35,11.8,11.95,11.95,124.8,8.55,832095,9989992.3,632.0,12.01,EQ
20-01-2017,12.05,12.3,11.65,11.7,11.7,124.8,8.55,1224984,14547418.55,912.0,11.88,EQ
23-01-2017,12.0,12.2,11.2,11.6,11.5,124.8,8.55,941937,11130754.15,929.0,11.82,EQ
24-01-2017,11.35,12.5,11.35,12.2,12.25,124.8,8.55,1332801,15870775.0,935.0,11.91,EQ
25-01-2017,12.3,12.75,11.85,12.05,12.15,124.8,8.55,1855555,22553405.5,1469.0,12.15,EQ
27-01-2017,12.1,12.75,11.9,12.4,12.4,124.8,8.55,1851702,22834382.8,1467.0,12.33,EQ
30-01-2017,12.55,12.75,12.2,12.3,12.25,124.8,8.55,1187139,14703701.9,933.0,12.39,EQ
31-01-2017,12.2,12.5,12.2,12.2,12.2,124.8,8.55,772340,9468565.05,439.0,12.26,EQ
01-02-2017,12.25,12.75,12.1,12.6,12.7,124.8,8.55,979168,12109942.0,825.0,12.37,EQ
02-02-2017,12.7,12.8,12.3,12.4,12.4,124.8,8.55,1108966,13893296.85,700.0,12.53,EQ
03-02-2017,12.5,13.2,12.4,12.5,12.5,124.8,8.55,1032770,13046443.75,628.0,12.63,EQ
06-02-2017,12.6,13.0,12.55,12.7,12.7,124.8,8.55,965262,12306333.75,677.0,12.75,EQ
07-02-2017,12.8,12.85,12.4,12.4,12.45,124.8,8.55,625109,7819569.6,486.0,12.51,EQ
08-02-2017,12.55,13.85,12.25,13.25,13.8,124.8,8.55,1373192,17725577.2,1071.0,12.91,EQ
09-02-2017,13.5,14.9,13.3,13.4,13.35,124.8,8.55,7614590,103552446.75,6270.0,13.6,EQ
10-02-2017,13.45,14.0,13.3,13.4,13.3,124.8,8.55,3607511,48721291.8,2604.0,13.51,EQ
13-02-2017,13.35,13.9,12.85,12.85,12.85,124.8,8.55,2856011,37181341.75,2513.0,13.02,EQ
14-02-2017,13.0,13.25,12.75,12.8,12.85,124.8,8.55,2527250,32637783.75,1652.0,12.91,EQ
15-02-2017,12.9,13.0,12.65,12.7,12.7,124.8,8.55,2253269,28890901.85,1338.0,12.82,EQ
16-02-2017,12.7,12.9,12.4,12.75,12.65,124.8,8.55,2013249,25370321.6,2696.0,12.6,EQ
17-02-2017,12.85,12.95,12.55,12.55,12.55,124.8,8.55,2222748,28072301.35,1688.0,12.63,EQ
20-02-2017,12.75,12.75,12.2,12.3,12.35,124.8,8.55,2609070,32370793.4,1329.0,12.41,EQ
21-02-2017,12.25,13.8,12.25,13.45,13.45,124.8,8.55,3407802,43373343.3,3428.0,12.73,EQ
22-02-2017,13.45,14.1,13.1,13.9,13.9,124.8,8.55,4993005,69007784.75,3402.0,13.82,EQ
23-02-2017,14.0,14.6,13.4,13.5,13.4,124.8,8.55,1216090,16513938.45,1169.0,13.58,EQ
27-02-2017,13.5,13.95,13.05,13.2,13.2,124.8,8.55,2073753,27549504.8,1590.0,13.28,EQ
28-02-2017,13.35,13.4,13.05,13.1,13.05,124.8,8.55,1333742,17642018.05,1367.0,13.23,EQ
01-03-2017,13.25,13.25,12.9,13.0,13.2,124.8,8.55,1063521,13913044.7,1188.0,13.08,EQ
02-03-2017,13.3,14.45,12.25,12.3,12.3,124.8,8.55,4590386,60648080.6,5885.0,13.21,EQ
03-03-2017,12.35,12.7,12.1,12.25,12.15,124.8,8.55,1411761,17282547.9,1228.0,12.24,EQ
06-03-2017,12.2,12.9,11.9,12.0,12.0,124.8,8.55,1869837,22992738.45,2583.0,12.3,EQ
07-03-2017,12.1,12.25,11.6,11.65,11.65,124.8,8.55,2730064,32463976.0,1874.0,11.89,EQ
08-03-2017,11.75,11.8,11.15,11.45,11.45,124.8,8.55,2058714,23661690.55,2014.0,11.49,EQ
09-03-2017,11.2,11.45,11.15,11.25,11.2,124.8,8.55,1173111,13234402.6,1388.0,11.28,EQ
10-03-2017,11.25,11.95,11.1,11.55,11.4,124.8,8.55,2029677,23286314.3,1567.0,11.47,EQ
14-03-2017,11.95,11.95,11.45,11.75,11.8,124.8,8.55,1537966,18000309.2,1802.0,11.7,EQ
15-03-2017,11.7,11.8,11.4,11.45,11.4,124.8,8.55,1585362,18243771.95,1985.0,11.51,EQ
16-03-2017,11.55,11.55,11.2,11.3,11.25,124.8,8.55,1184203,13524973.15,1391.0,11.42,EQ
17-03-2017,11.3,11.35,11.1,11.15,11.15,124.8,8.55,362654,4071224.55,320.0,11.23,EQ
20-03-2017,11.15,11.75,11.15,11.35,11.6,124.8,8.55,1004352,11474469.3,387.0,11.42,EQ
21-03-2017,11.35,11.65,11.25,11.3,11.5,124.8,8.55,558333,6352501.45,311.0,11.38,EQ
22-03-2017,11.25,11.4,11.15,11.25,11.2,124.8,8.55,400703,4516417.55,161.0,11.27,EQ
23-03-2017,11.4,11.7,11.2,11.2,11.4,124.8,8.55,436493,4939647.2,177.0,11.32,EQ
24-03-2017,11.4,11.7,11.3,11.35,11.3,124.8,8.55,652231,7568874.15,210.0,11.6,EQ
27-03-2017,11.2,11.9,11.15,11.65,11.9,124.8,8.55,314984,3638918.9,162.0,11.55,EQ
28-03-2017,11.95,12.65,11.4,11.8,11.7,124.8,8.55,707567,8399064.4,628.0,11.87,EQ
29-03-2017,12.05,12.3,11.4,11.55,11.4,124.8,8.55,484612,5709083.4,178.0,11.78,EQ
30-03-2017,11.7,11.75,11.3,11.45,11.45,124.8,8.55,216274,2467100.85,174.0,11.41,EQ
31-03-2017,11.25,11.6,11.0,11.0,11.1,124.8,8.55,2992167,33046962.3,278.0,11.04,EQ
03-04-2017,11.35,11.8,11.1,11.2,11.2,124.8,8.55,304898,3483659.15,278.0,11.43,EQ
05-04-2017,11.2,11.4,11.05,11.1,11.05,124.8,8.55,112876,1258026.4,226.0,11.15,EQ
06-04-2017,11.2,11.25,10.6,11.0,10.8,124.8,8.55,210224,2288019.15,359.0,10.88,EQ
07-04-2017,11.0,11.35,10.9,11.1,11.2,124.8,8.55,857446,9582349.75,295.0,11.18,EQ
10-04-2017,11.2,11.7,11.0,11.1,11.15,124.8,8.55,511055,5731882.9,391.0,11.22,EQ
11-04-2017,11.1,11.55,11.0,11.35,11.4,124.8,8.55,5328800,60308537.85,556.0,11.32,EQ
12-04-2017,11.4,11.5,11.15,11.25,11.25,124.8,8.55,1513805,17110030.95,639.0,11.3,EQ
13-04-2017,11.3,11.8,11.3,11.65,11.75,124.8,8.55,452263,5201463.25,402.0,11.5,EQ
17-04-2017,11.85,11.85,11.35,11.8,11.8,124.8,8.55,1006574,11568030.95,559.0,11.49,EQ
18-04-2017,11.7,12.65,11.5,12.25,12.4,124.8,8.55,1781107,21494691.9,863.0,12.07,EQ
19-04-2017,12.7,12.9,11.8,12.15,12.25,124.8,8.55,891300,10864237.35,756.0,12.19,EQ
20-04-2017,12.0,12.8,11.7,12.45,12.5,124.8,8.55,5530763,67399437.55,5963.0,12.19,EQ
21-04-2017,12.65,12.9,12.15,12.55,12.8,124.8,8.55,1333586,16651314.15,1922.0,12.49,EQ
24-04-2017,12.7,13.3,12.05,12.25,12.2,124.8,8.55,2519156,32142094.75,3161.0,12.76,EQ
25-04-2017,12.6,13.1,12.2,13.0,12.9,124.8,8.55,3747271,47813939.4,4140.0,12.76,EQ
26-04-2017,13.0,13.4,12.55,12.65,12.7,124.8,8.55,2514485,32598000.3,737.0,12.96,EQ
27-04-2017,12.95,12.95,12.3,12.55,12.4,124.8,8.55,664628,8386149.85,381.0,12.62,EQ
28-04-2017,12.55,12.65,10.05,10.05,10.05,124.8,8.55,2542306,27472716.15,3353.0,10.81,EQ
02-05-2017,8.5,11.45,8.5,10.55,10.5,124.8,8.5,5965769,63045498.7,6970.0,10.57,EQ
03-05-2017,10.85,11.4,10.2,10.2,10.4,124.8,8.5,964029,9915381.3,1731.0,10.29,EQ
04-05-2017,10.5,10.7,10.25,10.35,10.3,124.8,8.5,764943,7935641.55,824.0,10.37,EQ
05-05-2017,10.6,10.6,10.3,10.35,10.4,124.8,8.5,133606,1395318.8,474.0,10.44,EQ
08-05-2017,10.6,10.6,8.9,10.0,10.05,124.8,8.5,2000014,20028737.25,3169.0,10.01,EQ
09-05-2017,9.75,10.95,9.4,10.5,10.2,124.8,8.5,2911779,29386385.7,3582.0,10.09,EQ
10-05-2017,10.4,10.5,9.95,10.05,10.1,124.8,8.5,500096,5062759.7,1816.0,10.12,EQ
11-05-2017,10.2,10.3,10.05,10.1,10.05,124.8,8.5,61071,618611.25,363.0,10.13,EQ
12-05-2017,10.15,10.25,8.5,10.15,10.15,124.8,8.5,794138,7972703.1,961.0,10.04,EQ
15-05-2017,10.1,10.35,10.1,10.2,10.25,124.8,8.5,144271,1472907.1,441.0,10.21,EQ
16-05-2017,10.25,10.25,8.95,9.1,9.0,124.8,8.5,1148265,10966190.5,1792.0,9.55,EQ
17-05-2017,9.0,9.25,7.3,7.3,7.3,124.8,7.3,2358329,17743629.8,1243.0,7.52,EQ
18-05-2017,6.6,7.45,6.6,6.9,7.0,124.8,6.6,1257722,8630883.7,1307.0,6.86,EQ
19-05-2017,7.0,7.4,6.95,7.25,7.35,124.8,6.6,328660,2362593.15,470.0,7.19,EQ
22-05-2017,7.65,7.65,7.15,7.25,7.35,124.8,6.6,664501,4866554.3,409.0,7.32,EQ
23-05-2017,7.05,7.4,7.0,7.25,7.3,124.8,6.6,660360,4838178.85,334.0,7.33,EQ
24-05-2017,7.15,7.2,6.75,7.05,7.15,124.8,6.6,166462,1162051.75,235.0,6.98,EQ
25-05-2017,7.0,7.05,6.75,7.0,7.05,124.8,6.6,121444,844490.95,153.0,6.95,EQ
26-05-2017,7.1,7.1,6.9,7.0,7.1,124.8,6.6,84679,592603.9,160.0,7.0,EQ
29-05-2017,7.1,7.1,6.6,6.75,6.7,124.8,6.6,60109,408984.8,155.0,6.8,EQ
30-05-2017,6.7,6.95,6.7,6.75,6.8,124.8,6.6,36787,248344.0,77.0,6.75,EQ
31-05-2017,6.8,6.8,6.3,6.6,6.55,124.8,6.3,68126,448317.65,125.0,6.58,EQ
01-06-2017,6.3,6.6,6.0,6.1,6.15,124.8,6.0,124141,772572.5,259.0,6.22,EQ
02-06-2017,6.05,6.3,5.9,6.0,5.9,124.8,5.9,63676,386586.55,157.0,6.07,EQ
05-06-2017,5.95,6.2,5.85,6.0,5.95,124.8,5.85,35722,213930.75,95.0,5.99,EQ
06-06-2017,5.95,6.1,5.9,5.95,5.9,124.8,5.85,31372,187254.65,67.0,5.97,EQ
07-06-2017,6.1,6.1,5.5,5.7,5.8,124.8,5.5,82282,471188.2,161.0,5.73,EQ
08-06-2017,5.9,6.0,5.5,5.65,5.75,124.8,5.5,109678,626827.05,220.0,5.72,EQ
09-06-2017,5.7,5.75,5.35,5.6,5.4,124.8,5.35,109535,612120.05,160.0,5.59,EQ
12-06-2017,5.45,5.75,5.45,5.6,5.65,124.8,5.35,73600,413133.0,89.0,5.61,EQ
13-06-2017,5.65,6.7,5.65,6.5,6.5,124.8,5.35,384528,2437366.7,777.0,6.34,EQ
14-06-2017,6.9,7.4,6.6,6.7,6.8,124.8,5.35,2116340,14662322.95,5245.0,6.93,EQ
15-06-2017,6.8,7.0,6.55,6.6,6.55,124.8,5.35,131217,878905.35,248.0,6.7,EQ
16-06-2017,6.55,6.7,6.4,6.65,6.7,124.8,5.35,61967,407153.2,122.0,6.57,EQ
19-06-2017,6.65,6.7,6.25,6.55,6.25,124.8,5.35,56102,369673.35,135.0,6.59,EQ
20-06-2017,6.55,7.0,6.25,6.5,6.7,124.8,5.35,239593,1599924.25,335.0,6.68,EQ
21-06-2017,6.55,6.75,6.55,6.6,6.55,124.8,5.35,32558,215904.2,79.0,6.63,EQ
22-06-2017,6.7,7.4,6.5,7.0,7.0,124.8,5.35,802576,5617233.45,640.0,7.0,EQ
23-06-2017,6.85,7.35,6.85,7.0,7.0,124.8,5.35,691733,4945658.05,310.0,7.15,EQ
27-06-2017,6.95,7.0,6.65,6.8,6.85,124.8,5.35,108555,738084.9,175.0,6.8,EQ
28-06-2017,6.75,7.4,6.65,6.85,6.85,124.8,5.35,204185,1440817.95,226.0,7.06,EQ
29-06-2017,7.0,7.8,6.8,7.5,7.4,124.8,5.35,1220271,8969365.75,1050.0,7.35,EQ
30-06-2017,7.4,8.2,7.0,7.15,7.2,124.8,5.35,875074,6508417.25,829.0,7.44,EQ
03-07-2017,7.45,7.65,7.0,7.3,7.4,124.8,5.35,184187,1348643.45,296.0,7.32,EQ
04-07-2017,7.6,7.6,6.95,7.3,7.3,124.8,5.35,251400,1806839.65,278.0,7.19,EQ
05-07-2017,7.25,7.5,7.05,7.45,7.45,124.8,5.35,787400,5723727.0,192.0,7.27,EQ
06-07-2017,7.45,8.0,7.35,7.8,7.95,124.8,5.35,1034061,7858662.65,771.0,7.6,EQ
07-07-2017,7.65,8.3,7.4,7.8,7.9,124.8,5.35,628790,4895628.6,756.0,7.79,EQ
10-07-2017,8.1,8.3,7.5,8.0,8.15,124.8,5.35,32070,256626.85,110.0,8.0,EQ
11-07-2017,8.25,8.35,7.6,8.0,8.25,124.8,5.35,543593,4299408.75,564.0,7.91,EQ
12-07-2017,8.15,8.7,8.0,8.25,8.4,124.8,5.35,561456,4683343.8,533.0,8.34,EQ
13-07-2017,8.4,8.45,8.0,8.05,8.1,124.8,5.35,372594,3047104.2,418.0,8.18,EQ
14-07-2017,8.3,8.3,7.8,7.9,7.85,124.8,5.35,159828,1268631.65,237.0,7.94,EQ
17-07-2017,7.6,8.25,7.6,7.95,8.0,124.8,5.35,670790,5273838.65,446.0,7.86,EQ
18-07-2017,8.0,8.0,7.7,7.8,7.8,124.8,5.35,50602,396374.6,110.0,7.83,EQ
19-07-2017,7.7,8.25,7.65,7.85,7.8,124.8,5.35,502219,4031388.2,774.0,8.03,EQ
20-07-2017,7.8,8.0,7.55,7.6,7.55,124.8,5.35,154354,1193244.15,211.0,7.73,EQ
21-07-2017,7.6,7.8,7.5,7.6,7.5,124.8,5.35,122750,939405.45,175.0,7.65,EQ
24-07-2017,7.5,7.7,7.5,7.65,7.6,124.8,5.35,27948,214165.25,83.0,7.66,EQ
25-07-2017,7.5,8.7,7.5,8.55,8.55,124.8,5.35,1571664,12792975.35,1075.0,8.14,EQ
26-07-2017,8.65,9.45,8.6,8.85,8.75,124.8,5.35,1386614,12562302.8,1443.0,9.06,EQ
27-07-2017,9.2,9.3,8.4,8.6,8.5,124.8,5.35,601199,5305508.8,648.0,8.82,EQ
28-07-2017,8.95,8.95,8.35,8.6,8.55,124.8,5.35,269358,2302467.85,309.0,8.55,EQ
31-07-2017,9.2,9.2,7.85,8.05,8.0,124.8,5.35,1948974,16363864.9,1445.0,8.4,EQ
01-08-2017,8.4,8.4,7.7,7.75,7.7,124.8,5.35,288799,2256950.95,584.0,7.81,EQ
02-08-2017,7.95,7.95,7.45,7.6,7.6,124.8,5.35,536281,4069470.45,535.0,7.59,EQ
03-08-2017,7.5,8.15,7.35,7.55,7.7,124.8,5.35,248222,1862983.2,420.0,7.51,EQ
04-08-2017,7.8,8.2,7.45,7.6,7.5,124.8,5.35,927665,7092046.9,1052.0,7.65,EQ
07-08-2017,7.6,7.9,7.4,7.7,7.85,124.8,5.35,292073,2207930.3,516.0,7.56,EQ
08-08-2017,7.7,7.75,7.4,7.45,7.4,124.8,5.35,117389,878267.15,178.0,7.48,EQ
09-08-2017,7.35,7.35,7.0,7.05,7.1,124.8,5.35,83143,593028.45,230.0,7.13,EQ
10-08-2017,7.35,7.35,6.55,7.1,7.0,124.8,5.35,444642,3120011.4,441.0,7.02,EQ
11-08-2017,6.8,7.15,6.75,7.0,6.95,124.8,5.35,105707,733010.15,126.0,6.93,EQ
14-08-2017,6.95,7.15,6.45,6.65,6.7,124.8,5.35,319489,2170566.35,469.0,6.79,EQ
16-08-2017,6.9,6.9,6.65,6.75,6.75,124.8,5.35,97951,666920.95,161.0,6.81,EQ
17-08-2017,6.9,6.9,6.6,6.75,6.75,124.8,5.35,82434,559764.9,154.0,6.79,EQ
18-08-2017,6.85,7.2,6.55,6.8,7.15,124.8,5.35,204890,1381566.05,176.0,6.74,EQ
21-08-2017,7.3,7.45,6.85,6.95,6.85,124.8,5.35,266639,1886629.8,402.0,7.08,EQ
22-08-2017,7.1,7.3,6.6,6.65,6.7,124.8,5.35,1032678,7109942.95,590.0,6.88,EQ
23-08-2017,6.9,6.9,6.6,6.7,6.75,124.8,5.35,129764,866902.2,121.0,6.68,EQ
24-08-2017,6.85,6.85,6.6,6.75,6.75,124.8,5.35,112248,750048.1,88.0,6.68,EQ
28-08-2017,7.0,7.0,6.65,6.7,6.65,124.8,5.35,50090,336148.45,146.0,6.71,EQ
29-08-2017,6.7,6.7,6.55,6.55,6.55,124.8,5.35,92719,612433.4,136.0,6.61,EQ
30-08-2017,6.55,6.7,6.5,6.65,6.65,124.8,5.35,53421,355032.55,79.0,6.65,EQ
31-08-2017,6.7,6.9,6.55,6.6,6.7,124.8,5.35,40717,269790.0,83.0,6.63,EQ
01-09-2017,6.7,6.75,6.6,6.65,6.6,124.8,5.35,61258,408160.0,64.0,6.66,EQ
04-09-2017,6.6,7.3,6.6,6.7,6.7,124.8,5.35,252193,1711982.65,267.0,6.79,EQ
05-09-2017,6.65,6.9,6.65,6.7,6.7,124.8,5.35,73557,496455.05,70.0,6.75,EQ
06-09-2017,6.75,6.9,6.55,6.65,6.85,124.8,5.35,190623,1275512.7,295.0,6.69,EQ
07-09-2017,6.7,6.8,6.65,6.65,6.65,124.8,5.35,494149,3307923.75,550.0,6.69,EQ
08-09-2017,6.6,6.75,6.6,6.65,6.7,124.8,5.35,160139,1066168.0,130.0,6.66,EQ
11-09-2017,6.7,6.75,6.45,6.55,6.7,124.8,5.35,283125,1849398.35,263.0,6.53,EQ
12-09-2017,6.6,6.8,6.45,6.5,6.5,124.8,5.35,124646,818291.45,133.0,6.56,EQ
13-09-2017,6.6,6.75,6.45,6.6,6.55,124.8,5.35,124225,816488.05,108.0,6.57,EQ
14-09-2017,6.6,6.8,6.45,6.5,6.6,124.8,5.35,109017,716717.6,127.0,6.57,EQ
15-09-2017,6.55,6.55,6.3,6.45,6.4,124.8,5.35,27231,175741.4,89.0,6.45,EQ
18-09-2017,6.45,6.55,6.3,6.45,6.45,124.8,5.35,606551,3910538.9,577.0,6.45,EQ
19-09-2017,6.55,6.65,6.45,6.6,6.6,124.8,5.35,268690,1764017.3,398.0,6.57,EQ
20-09-2017,6.6,7.0,6.45,6.8,6.75,124.8,5.35,391077,2627264.3,620.0,6.72,EQ
21-09-2017,6.95,7.75,6.7,6.85,6.85,124.8,5.35,594392,4153884.35,546.0,6.99,EQ
22-09-2017,7.1,7.15,6.6,6.85,6.8,124.8,5.35,284498,1958061.05,458.0,6.88,EQ
25-09-2017,6.75,6.8,6.45,6.5,6.6,124.8,5.35,228083,1507004.0,340.0,6.61,EQ
26-09-2017,6.6,6.7,6.3,6.55,6.6,124.8,5.35,229322,1491105.2,299.0,6.5,EQ
27-09-2017,6.65,6.65,6.4,6.45,6.45,124.8,5.35,180275,1175012.45,175.0,6.52,EQ
28-09-2017,6.45,6.7,6.35,6.35,6.5,124.8,5.35,174189,1124350.4,197.0,6.45,EQ
29-09-2017,6.5,6.75,6.5,6.7,6.75,124.8,5.35,291339,1926872.45,527.0,6.61,EQ
03-10-2017,6.7,7.0,6.6,6.85,6.85,124.8,5.35,784771,5336977.15,761.0,6.8,EQ
04-10-2017,6.95,7.4,6.65,7.1,7.0,124.8,5.35,2507012,17696995.45,1619.0,7.06,EQ
05-10-2017,7.2,7.65,7.1,7.3,7.3,124.8,5.35,522271,3824102.55,623.0,7.32,EQ
06-10-2017,7.1,8.0,7.0,7.55,7.7,124.8,5.35,1904262,14094901.2,1415.0,7.4,EQ
09-10-2017,8.0,8.0,7.15,7.65,8.0,124.8,5.35,1403885,10812392.75,990.0,7.7,EQ
10-10-2017,7.85,8.35,7.65,7.85,7.85,124.8,5.35,915253,7292531.05,1042.0,7.97,EQ
11-10-2017,7.75,8.05,7.45,7.65,7.9,124.8,5.35,874295,6710815.65,658.0,7.68,EQ
12-10-2017,7.9,7.95,7.7,7.8,7.9,124.8,5.35,352222,2743462.25,229.0,7.79,EQ
13-10-2017,7.95,8.0,7.8,7.95,8.0,124.8,5.35,819580,6451912.65,475.0,7.87,EQ
16-10-2017,8.2,8.75,7.5,7.65,7.75,14.95,5.35,3301625,26468697.15,2051.0,8.02,EQ
17-10-2017,8.0,9.15,7.05,8.6,9.15,14.95,5.35,4401847,36371722.65,2955.0,8.26,EQ
18-10-2017,9.7,10.3,9.7,10.1,10.1,14.95,5.35,2738772,27705106.15,2522.0,10.12,EQ
19-10-2017,10.9,11.1,10.6,10.7,10.85,14.95,5.35,1048393,11303214.85,767.0,10.78,EQ
23-10-2017,10.7,11.1,10.7,10.8,10.8,14.9,5.35,614893,6675551.55,981.0,10.86,EQ
24-10-2017,10.7,10.9,9.75,9.75,9.75,14.9,5.35,1050064,10510446.95,982.0,10.01,EQ
25-10-2017,9.75,9.75,8.8,8.95,9.0,14.9,5.35,491285,4368548.45,605.0,8.89,EQ
26-10-2017,8.55,8.8,8.55,8.55,8.55,14.9,5.35,40150,343561.5,68.0,8.56,BE
27-10-2017,8.15,8.15,8.15,8.15,8.15,14.9,5.35,26661,217287.15,43.0,8.15,BE
30-10-2017,7.75,8.55,7.75,8.4,8.4,14.9,5.35,529853,4309976.5,419.0,8.13,BE
31-10-2017,8.25,8.3,8.0,8.0,8.0,14.9,5.35,244896,1977045.95,730.0,8.07,BE
01-11-2017,8.0,8.0,7.65,7.9,7.9,14.9,5.35,215862,1689786.75,315.0,7.83,BE
02-11-2017,7.9,8.05,7.65,7.9,7.8,14.9,5.35,210095,1650438.0,379.0,7.86,BE
03-11-2017,7.95,8.2,7.55,7.85,7.95,14.9,5.35,96938,757296.95,395.0,7.81,BE
06-11-2017,8.0,8.0,7.65,7.75,7.75,14.9,5.35,69813,540012.45,233.0,7.74,BE
07-11-2017,7.5,7.75,7.4,7.4,7.4,14.9,5.35,90240,671203.1,245.0,7.44,BE
08-11-2017,7.05,7.7,7.05,7.05,7.05,14.9,5.35,181083,1279952.15,301.0,7.07,BE
09-11-2017,7.0,7.1,6.75,6.95,6.9,14.9,5.35,295257,2045713.8,222.0,6.93,BE
10-11-2017,7.15,7.15,6.65,6.8,6.95,14.9,5.35,204785,1394070.85,285.0,6.81,BE
13-11-2017,6.95,6.95,6.7,6.85,6.9,14.9,5.35,13401,91901.55,47.0,6.86,BE
14-11-2017,6.9,6.95,6.6,6.75,6.8,14.9,5.35,135283,921668.65,117.0,6.81,BE
15-11-2017,6.7,6.8,6.5,6.7,6.75,14.9,5.35,8542,57245.9,41.0,6.7,BE
16-11-2017,6.75,6.75,6.4,6.45,6.4,14.9,5.35,75239,489784.4,129.0,6.51,BE
17-11-2017,6.5,6.75,6.4,6.5,6.5,14.9,5.35,42047,274784.75,93.0,6.54,BE
20-11-2017,6.8,6.8,6.4,6.8,6.8,14.9,5.35,34808,233608.2,54.0,6.71,BE
21-11-2017,6.9,7.1,6.75,6.95,6.95,14.9,5.35,96880,673315.8,71.0,6.95,BE
22-11-2017,6.7,7.25,6.7,7.0,7.0,14.9,5.35,86827,603620.25,92.0,6.95,BE
23-11-2017,6.95,7.2,6.7,7.05,7.1,14.9,5.35,20023,139099.9,65.0,6.95,BE
24-11-2017,7.25,7.25,6.75,6.8,6.8,14.9,5.35,48166,331344.4,127.0,6.88,BE
27-11-2017,6.75,6.95,6.75,6.9,6.9,14.9,5.35,37191,253960.9,65.0,6.83,BE
28-11-2017,6.9,7.0,6.75,6.9,6.9,14.9,5.35,215419,1469957.4,181.0,6.82,BE
29-11-2017,6.9,7.0,6.8,7.0,7.0,14.9,5.35,217150,1500896.5,229.0,6.91,BE
30-11-2017,6.8,7.0,6.75,6.85,6.9,14.9,5.35,154294,1063895.9,151.0,6.9,BE
01-12-2017,7.0,7.15,6.9,7.0,7.15,14.9,5.35,174672,1219331.6,190.0,6.98,BE
04-12-2017,7.35,7.35,7.05,7.15,7.2,14.9,5.35,267007,1909202.85,176.0,7.15,BE
05-12-2017,7.3,7.5,6.85,7.35,7.45,14.9,5.35,246267,1779182.7,283.0,7.22,BE
06-12-2017,7.55,7.65,7.25,7.4,7.65,14.9,5.35,426639,3143702.5,342.0,7.37,BE
07-12-2017,7.7,7.75,7.35,7.75,7.75,14.9,5.35,295541,2279130.45,303.0,7.71,BE
08-12-2017,8.05,8.05,7.75,7.9,7.85,14.9,5.35,335641,2639475.2,167.0,7.86,BE
11-12-2017,8.1,8.1,7.75,7.85,7.8,14.9,5.35,217412,1712305.7,354.0,7.88,BE
12-12-2017,8.1,8.1,7.65,7.95,8.0,14.9,5.35,319148,2548741.05,283.0,7.99,BE
13-12-2017,8.15,8.15,7.8,8.0,8.0,14.9,5.35,256538,2060536.4,262.0,8.03,BE
14-12-2017,8.1,8.1,7.75,7.95,7.95,14.9,5.35,282015,2218337.9,387.0,7.87,BE
15-12-2017,7.8,8.1,7.75,7.95,8.0,14.9,5.35,391543,3073937.35,296.0,7.85,BE
18-12-2017,8.2,8.3,7.75,7.9,8.0,14.9,5.35,295246,2362094.65,224.0,8.0,BE
19-12-2017,7.85,8.0,7.65,7.8,7.9,14.9,5.35,399962,3129002.75,213.0,7.82,BE
20-12-2017,7.9,8.0,7.65,7.8,7.8,14.9,5.35,341113,2666256.05,219.0,7.82,BE
21-12-2017,7.8,7.95,7.8,7.85,7.85,14.9,5.35,195965,1542946.6,103.0,7.87,BE
22-12-2017,7.7,8.15,7.7,7.85,7.85,14.9,5.35,305494,2399892.8,322.0,7.86,BE
26-12-2017,8.1,8.1,7.7,7.95,7.9,14.9,5.35,237988,1869514.0,165.0,7.86,BE
27-12-2017,8.1,8.1,7.75,7.85,7.8,14.9,5.35,243965,1919523.1,278.0,7.87,BE
28-12-2017,7.9,7.9,7.7,7.85,7.75,14.9,5.35,221439,1737109.7,156.0,7.84,BE
29-12-2017,7.7,7.95,7.6,7.65,7.65,14.9,5.35,324743,2506601.0,185.0,7.72,BE
01-01-2018,7.9,8.0,7.65,7.95,8.0,14.9,5.35,234210,1851747.95,195.0,7.91,BE
02-01-2018,8.2,8.3,8.0,8.2,8.3,14.9,5.35,308217,2502529.6,351.0,8.12,BE
03-01-2018,8.5,8.5,8.2,8.4,8.45,14.9,5.35,301835,2533071.1,391.0,8.39,BE
04-01-2018,8.6,8.8,8.45,8.8,8.8,14.9,5.35,93916,819943.3,140.0,8.73,BE
05-01-2018,9.2,9.2,8.9,9.2,9.2,14.9,5.35,221296,2023019.05,310.0,9.14,BE
08-01-2018,9.2,9.65,9.2,9.65,9.65,14.9,5.35,216078,2083587.7,156.0,9.64,BE
09-01-2018,10.1,10.1,9.9,10.1,10.1,14.9,5.35,174585,1760232.7,590.0,10.08,BE
10-01-2018,10.6,10.6,10.6,10.6,10.6,14.9,5.35,117856,1249273.6,175.0,10.6,BE
11-01-2018,10.95,11.1,10.85,11.05,11.1,14.9,5.35,809508,8943363.05,777.0,11.05,BE
12-01-2018,11.5,11.6,11.1,11.1,11.2,14.9,5.35,470459,5305729.15,596.0,11.28,BE
15-01-2018,11.1,11.5,11.1,11.3,11.3,14.9,5.35,437874,4969814.45,503.0,11.35,BE
16-01-2018,11.65,11.65,10.75,11.3,11.2,14.9,5.35,666059,7439927.35,466.0,11.17,BE
17-01-2018,10.75,11.7,10.75,10.8,10.8,14.9,5.35,561322,6140756.35,432.0,10.94,BE
18-01-2018,10.9,11.1,10.3,10.3,10.3,14.9,5.35,226480,2438828.7,309.0,10.77,BE
19-01-2018,9.8,10.3,9.8,9.8,9.8,14.9,5.35,34923,343333.15,35.0,9.83,BE
22-01-2018,9.8,9.95,9.35,9.85,9.85,14.9,5.35,549667,5238464.35,325.0,9.53,BE
23-01-2018,9.8,9.8,9.4,9.4,9.4,14.9,5.35,94379,892380.2,112.0,9.46,BE
24-01-2018,9.0,9.4,8.95,8.95,8.95,14.9,5.35,178456,1601253.95,143.0,8.97,BE
25-01-2018,8.55,9.35,8.55,9.35,9.35,14.9,5.35,319153,2878137.65,147.0,9.02,BE
29-01-2018,9.35,9.65,9.2,9.5,9.5,14.9,5.35,124951,1187312.4,143.0,9.5,BE
30-01-2018,9.15,9.7,9.05,9.05,9.1,14.9,5.35,192637,1798851.3,327.0,9.34,BE
31-01-2018,9.1,9.3,8.7,8.95,8.8,14.9,5.35,159070,1438697.85,96.0,9.04,BE
01-02-2018,9.3,9.3,8.55,8.55,8.55,14.9,5.35,8571,74849.4,37.0,8.73,BE
02-02-2018,8.5,8.8,8.15,8.65,8.6,14.9,5.35,204214,1757131.2,177.0,8.6,BE
05-02-2018,8.65,8.9,8.25,8.7,8.7,14.9,5.35,113782,985734.4,150.0,8.66,BE
06-02-2018,9.05,9.05,8.3,8.3,8.3,14.9,5.35,110077,915230.6,110.0,8.31,BE
07-02-2018,8.6,8.7,8.4,8.6,8.6,14.9,5.35,139295,1191375.05,119.0,8.55,BE
08-02-2018,8.6,8.85,8.3,8.6,8.6,14.9,5.35,110352,952313.65,124.0,8.63,BE
09-02-2018,8.2,8.6,8.2,8.2,8.2,14.9,5.35,150320,1241469.2,146.0,8.26,BE
12-02-2018,8.2,8.5,7.8,7.8,7.8,14.6,5.35,154379,1226161.7,162.0,7.94,BE
14-02-2018,7.95,7.95,7.45,7.45,7.45,14.6,5.35,105225,797025.5,138.0,7.57,BE
15-02-2018,7.45,7.8,7.15,7.75,7.8,14.6,5.35,83771,635917.45,142.0,7.59,BE
16-02-2018,8.1,8.1,7.4,8.05,8.05,14.6,5.35,166697,1293381.45,175.0,7.76,BE
19-02-2018,8.25,8.25,7.9,7.9,7.9,14.6,5.35,4695,37296.55,20.0,7.94,BE
20-02-2018,7.9,7.95,7.65,7.65,7.65,14.6,5.35,91923,721037.75,138.0,7.84,BE
21-02-2018,7.65,8.0,7.35,7.95,7.6,14.6,5.35,123747,943088.25,160.0,7.62,BE
22-02-2018,7.95,8.05,7.75,7.75,7.75,14.6,5.35,92413,735301.15,97.0,7.96,BE
23-02-2018,8.0,8.0,7.5,7.8,7.8,14.6,5.35,113843,877369.65,98.0,7.71,BE
26-02-2018,7.8,7.9,7.45,7.75,7.75,14.45,5.35,118378,911630.1,110.0,7.7,BE
27-02-2018,7.5,7.95,7.5,7.6,7.9,14.45,5.35,98970,760952.2,96.0,7.69,BE
28-02-2018,7.9,7.9,7.3,7.8,7.8,14.45,5.35,141104,1070968.05,218.0,7.59,BE
01-03-2018,7.9,7.9,7.45,7.6,7.65,14.45,5.35,84110,638884.85,90.0,7.6,BE
05-03-2018,7.6,7.6,7.25,7.3,7.3,13.4,5.35,139814,1027981.7,186.0,7.35,BE
06-03-2018,7.2,7.5,6.95,7.25,7.3,13.4,5.35,333446,2426312.3,178.0,7.28,BE
07-03-2018,7.0,7.5,7.0,7.15,7.25,13.4,5.35,134104,958896.1,148.0,7.15,BE
08-03-2018,7.1,7.25,6.95,7.15,7.1,13.4,5.35,121777,869826.1,98.0,7.14,BE
09-03-2018,7.45,7.45,7.0,7.2,7.2,13.4,5.35,119382,863050.75,153.0,7.23,BE
12-03-2018,7.45,7.45,7.0,7.2,7.25,13.4,5.35,50868,366500.6,40.0,7.2,BE
13-03-2018,7.45,7.45,7.0,7.05,7.0,13.4,5.35,80321,564349.3,82.0,7.03,BE
14-03-2018,7.1,7.35,7.0,7.05,7.0,13.4,5.35,11334,80892.5,29.0,7.14,BE
15-03-2018,7.3,7.3,6.8,7.1,7.15,13.4,5.35,56510,398606.65,71.0,7.05,BE
16-03-2018,6.8,7.15,6.8,6.85,6.9,13.4,5.35,45062,318612.9,46.0,7.07,BE
19-03-2018,7.15,7.15,6.9,7.0,7.0,13.4,5.35,56780,395329.8,21.0,6.96,BE
20-03-2018,6.7,7.3,6.7,6.9,6.9,13.4,5.35,82865,566959.85,100.0,6.84,BE
21-03-2018,6.85,7.0,6.65,6.7,6.95,13.4,5.35,13880,93863.9,43.0,6.76,BE
22-03-2018,6.7,7.0,6.45,6.55,6.75,13.4,5.35,40928,274004.35,67.0,6.69,BE
23-03-2018,6.55,6.7,6.25,6.3,6.25,13.4,5.35,132035,847783.0,49.0,6.42,BE
26-03-2018,6.25,6.45,6.05,6.15,6.2,13.4,5.35,188347,1156857.85,70.0,6.14,BE
27-03-2018,6.05,6.4,6.0,6.35,6.35,13.4,5.35,13702,85529.75,38.0,6.24,BE
28-03-2018,6.1,6.5,6.1,6.35,6.35,13.4,5.35,150508,959328.1,96.0,6.37,BE
02-04-2018,6.05,6.65,6.05,6.6,6.65,13.4,5.35,62637,403422.0,39.0,6.44,BE
03-04-2018,6.35,6.9,6.35,6.65,6.6,13.4,5.35,90807,598279.35,50.0,6.59,BE
04-04-2018,6.45,6.85,6.45,6.5,6.5,13.4,5.35,6067,39894.65,22.0,6.58,BE
05-04-2018,6.75,6.75,6.45,6.5,6.6,13.4,5.35,75933,499709.1,33.0,6.58,BE
06-04-2018,6.5,6.8,6.4,6.7,6.7,13.4,5.35,22861,152421.55,42.0,6.67,BE
09-04-2018,6.45,6.8,6.45,6.75,6.75,13.4,5.35,105714,700639.0,70.0,6.63,BE
10-04-2018,6.95,7.0,6.85,6.85,7.0,13.4,5.35,16019,110309.65,37.0,6.89,BE
11-04-2018,7.0,7.1,6.85,7.1,7.1,13.4,5.35,58662,413479.85,65.0,7.05,BE
12-04-2018,7.3,7.45,7.0,7.4,7.45,13.4,5.35,53447,390199.0,70.0,7.3,BE
13-04-2018,7.55,7.75,7.35,7.5,7.7,13.4,5.35,28199,216047.3,69.0,7.66,BE
16-04-2018,7.25,7.85,7.25,7.8,7.85,13.4,5.35,114631,888010.05,48.0,7.75,BE
17-04-2018,7.85,8.15,7.85,8.15,8.15,13.4,5.35,192924,1569281.55,81.0,8.13,BE
18-04-2018,8.1,8.15,7.75,7.8,7.9,13.4,5.35,52381,419931.1,100.0,8.02,BE
19-04-2018,7.8,8.0,7.5,7.75,7.65,13.4,5.35,22584,175353.25,49.0,7.76,BE
20-04-2018,7.55,7.85,7.5,7.5,7.5,13.4,5.35,9395,71208.15,36.0,7.58,BE
23-04-2018,7.5,7.65,7.15,7.5,7.5,13.4,5.35,118193,887966.8,64.0,7.51,BE
24-04-2018,7.5,7.65,7.3,7.5,7.45,13.4,5.35,426851,3221515.75,148.0,7.55,BE
25-04-2018,7.5,7.5,7.4,7.5,7.5,13.4,5.35,8777,65577.4,14.0,7.47,BE
26-04-2018,7.45,7.5,7.45,7.45,7.5,13.4,5.35,12674,94556.3,11.0,7.46,BE
27-04-2018,7.5,7.65,7.1,7.5,7.65,13.4,5.35,315248,2323438.85,181.0,7.37,BE
30-04-2018,7.5,7.55,7.3,7.45,7.5,11.7,5.35,55662,414100.75,75.0,7.44,BE
02-05-2018,7.7,7.7,7.25,7.25,7.25,11.7,5.35,38945,284717.3,33.0,7.31,EQ
03-05-2018,7.35,7.35,7.0,7.1,7.2,11.7,5.35,8215,59205.05,136.0,7.21,EQ
04-05-2018,7.0,7.45,6.9,7.2,7.4,11.7,5.35,7995,56015.65,90.0,7.01,EQ
07-05-2018,7.35,7.35,7.05,7.05,7.05,11.7,5.35,43100,308250.0,11.0,7.15,EQ
08-05-2018,7.1,7.4,7.1,7.4,7.4,11.7,5.35,11079,80807.65,32.0,7.29,EQ
09-05-2018,7.65,7.65,7.3,7.4,7.5,11.7,5.35,8861,66510.65,23.0,7.51,EQ
10-05-2018,7.5,7.65,7.35,7.45,7.5,11.7,5.35,46267,344062.55,26.0,7.44,EQ
11-05-2018,7.35,7.5,7.2,7.35,7.5,11.7,5.35,6775,49641.35,46.0,7.33,EQ
14-05-2018,7.5,7.7,7.4,7.45,7.5,11.7,5.35,1046953,7804756.95,220.0,7.45,EQ
15-05-2018,7.5,7.6,7.25,7.45,7.45,11.7,5.35,68654,513386.65,49.0,7.48,EQ
16-05-2018,7.65,7.65,7.3,7.4,7.5,11.7,5.35,90202,672004.4,59.0,7.45,EQ
17-05-2018,7.4,7.7,7.3,7.55,7.7,11.7,5.35,121023,903612.4,104.0,7.47,EQ
18-05-2018,7.55,7.65,7.3,7.4,7.55,11.7,5.35,241184,1802825.55,132.0,7.47,EQ
21-05-2018,7.4,7.7,7.05,7.55,7.6,11.7,5.35,70397,519517.2,109.0,7.38,EQ
22-05-2018,7.35,7.5,7.35,7.4,7.5,11.7,5.35,94028,699583.9,61.0,7.44,EQ
23-05-2018,7.5,7.5,7.15,7.4,7.5,11.7,5.35,122826,909063.0,114.0,7.4,EQ
24-05-2018,7.45,7.5,7.15,7.15,7.3,11.7,5.35,65905,484030.75,85.0,7.34,EQ
25-05-2018,7.4,7.4,7.05,7.1,7.2,11.7,5.35,22900,165370.35,38.0,7.22,EQ
28-05-2018,7.4,7.4,7.05,7.1,7.1,11.7,5.35,731153,5218686.25,144.0,7.14,EQ
29-05-2018,7.0,7.45,7.0,7.1,7.15,11.7,5.35,208671,1494538.95,126.0,7.16,EQ
30-05-2018,7.15,7.2,7.0,7.0,7.15,11.7,5.35,67910,480916.05,56.0,7.08,EQ
31-05-2018,7.0,7.3,6.95,7.0,7.1,11.7,5.35,116316,818108.3,77.0,7.03,EQ
01-06-2018,7.1,7.1,6.75,7.0,7.1,11.7,5.35,132249,913044.6,76.0,6.9,EQ
04-06-2018,6.85,7.0,6.8,6.95,6.9,11.7,5.35,114537,795473.4,53.0,6.95,EQ
05-06-2018,6.9,6.9,6.7,6.85,6.85,11.7,5.35,118466,812445.6,42.0,6.86,EQ
06-06-2018,6.65,6.8,6.55,6.55,6.65,11.7,5.35,108933,732334.8,49.0,6.72,EQ
07-06-2018,6.6,6.85,6.25,6.5,6.5,11.7,5.35,21328,141103.7,44.0,6.62,EQ
08-06-2018,6.3,6.65,6.3,6.5,6.5,11.7,5.35,57331,379993.75,45.0,6.63,EQ
11-06-2018,6.5,6.85,6.5,6.5,6.7,11.7,5.45,85507,569696.05,33.0,6.66,EQ
12-06-2018,6.3,6.85,6.3,6.55,6.6,11.7,5.45,166798,1098074.85,52.0,6.58,EQ
13-06-2018,6.35,6.8,6.35,6.55,6.5,11.7,5.45,19014,124259.2,18.0,6.54,EQ
14-06-2018,6.75,6.75,6.3,6.5,6.5,11.7,5.45,57010,372131.65,30.0,6.53,EQ
15-06-2018,6.75,7.15,6.3,6.8,7.0,11.7,5.45,74654,493262.7,58.0,6.61,EQ
18-06-2018,6.55,7.45,6.55,7.45,7.45,11.7,6.0,62049,456057.5,92.0,7.35,EQ
19-06-2018,7.95,7.95,7.3,7.5,7.5,11.7,6.0,166370,1267462.55,266.0,7.62,EQ
20-06-2018,7.55,7.7,7.45,7.5,7.55,11.7,6.0,43356,327708.55,122.0,7.56,EQ
21-06-2018,7.55,8.15,7.55,8.1,8.1,11.7,6.0,211921,1693010.85,425.0,7.99,EQ
22-06-2018,8.1,8.75,7.7,7.95,8.2,11.7,6.0,281187,2273493.75,214.0,8.09,EQ
25-06-2018,8.65,8.65,7.7,8.15,8.15,11.7,6.0,49089,388083.65,82.0,7.91,EQ
26-06-2018,8.15,8.4,7.75,8.25,8.25,11.7,6.0,48156,397908.3,164.0,8.26,EQ
27-06-2018,8.15,8.25,7.75,7.8,7.9,11.7,6.0,22128,176901.45,56.0,7.99,EQ
28-06-2018,7.9,8.2,7.85,7.9,7.9,11.7,6.0,51508,412037.9,55.0,8.0,EQ
29-06-2018,7.9,8.2,7.7,7.85,7.85,11.7,6.0,37765,302945.7,133.0,8.02,EQ
02-07-2018,8.1,8.1,7.3,7.6,7.5,11.7,6.0,70626,545065.45,65.0,7.72,EQ
03-07-2018,7.55,8.0,7.25,7.8,7.75,11.7,6.0,153412,1168543.6,173.0,7.62,EQ
04-07-2018,7.95,8.1,7.25,7.25,7.25,11.7,6.0,135629,1016201.1,188.0,7.49,EQ
05-07-2018,7.3,7.65,7.0,7.6,7.5,11.7,6.0,93999,702516.25,160.0,7.47,EQ
06-07-2018,7.4,7.6,6.85,6.95,6.85,11.7,6.0,187986,1344842.1,195.0,7.15,EQ
09-07-2018,7.1,7.1,6.8,6.95,7.0,11.7,6.0,62168,430456.9,95.0,6.92,EQ
10-07-2018,6.95,6.95,6.6,6.65,6.7,11.7,6.0,42121,281974.85,65.0,6.69,EQ
11-07-2018,6.9,6.95,6.35,6.4,6.35,11.7,6.0,90656,591604.65,137.0,6.53,EQ
12-07-2018,6.55,6.8,5.95,6.05,6.0,11.7,5.95,154103,953564.3,136.0,6.19,EQ
13-07-2018,6.0,6.15,5.75,5.85,5.85,11.7,5.75,325640,1908483.25,92.0,5.86,EQ
16-07-2018,5.65,6.1,5.65,6.05,6.1,11.7,5.65,26279,155900.6,34.0,5.93,EQ
17-07-2018,6.3,6.35,5.95,6.15,6.15,11.7,5.65,67780,423796.25,86.0,6.25,EQ
18-07-2018,6.2,6.45,6.2,6.3,6.35,11.7,5.65,52037,332288.05,92.0,6.39,EQ
19-07-2018,6.3,6.6,6.2,6.45,6.6,11.7,5.65,46991,301347.8,53.0,6.41,EQ
20-07-2018,6.3,6.75,6.25,6.65,6.6,11.7,5.65,38469,251656.2,53.0,6.54,EQ
23-07-2018,6.55,6.95,6.55,6.95,6.95,11.7,5.65,49887,343304.25,72.0,6.88,EQ
24-07-2018,7.05,7.25,6.7,7.1,7.0,11.7,5.65,141193,978582.75,231.0,6.93,EQ
25-07-2018,7.25,7.45,7.05,7.1,7.05,11.7,5.65,26832,192559.05,42.0,7.18,EQ
26-07-2018,7.1,7.4,7.1,7.25,7.3,11.7,5.65,37650,271282.05,50.0,7.21,EQ
27-07-2018,7.3,7.5,7.05,7.35,7.4,11.7,5.65,36118,265442.4,81.0,7.35,EQ
30-07-2018,7.3,7.7,7.25,7.65,7.7,11.7,5.65,50685,380877.85,75.0,7.51,EQ
31-07-2018,7.55,8.0,7.55,7.95,8.0,11.7,5.65,190374,1496907.45,185.0,7.86,EQ
01-08-2018,8.25,8.3,7.8,8.2,8.25,11.7,5.65,172342,1398810.55,148.0,8.12,EQ
02-08-2018,7.85,8.5,7.8,7.9,7.8,11.7,5.65,240142,1928081.95,70.0,8.03,BE
03-08-2018,7.8,7.9,7.55,7.55,7.55,11.7,5.65,26774,204037.35,30.0,7.62,BE
06-08-2018,7.8,7.9,7.2,7.9,7.9,11.7,5.65,69793,520654.9,78.0,7.46,BE
07-08-2018,7.9,8.2,7.6,7.85,8.15,11.7,5.65,42225,329580.6,65.0,7.81,BE
08-08-2018,8.1,8.1,7.65,8.05,8.1,11.7,5.65,49844,400449.25,81.0,8.03,BE
09-08-2018,8.0,8.45,7.9,8.35,8.45,11.7,5.65,64299,530628.35,104.0,8.25,BE
10-08-2018,8.75,8.75,8.2,8.6,8.55,11.7,5.65,92454,790353.4,147.0,8.55,BE
13-08-2018,8.2,8.85,8.2,8.5,8.5,11.7,5.65,53415,457248.3,72.0,8.56,BE
14-08-2018,8.15,8.5,8.15,8.35,8.5,11.7,5.65,66584,553968.85,69.0,8.32,BE
16-08-2018,8.05,8.45,7.95,7.95,7.95,11.7,5.65,333348,2668656.35,275.0,8.01,BE
17-08-2018,7.6,7.95,7.6,7.6,7.6,11.7,5.65,13214,100595.95,22.0,7.61,BE
20-08-2018,7.4,7.95,7.25,7.85,7.95,11.7,5.65,135388,1056937.0,72.0,7.81,BE
21-08-2018,7.95,8.2,7.9,8.0,8.2,11.7,5.65,52884,425939.8,71.0,8.05,BE
23-08-2018,8.0,8.4,7.85,8.4,8.4,11.7,5.65,151447,1230435.45,102.0,8.12,BE
24-08-2018,8.7,8.8,8.2,8.8,8.8,11.7,5.65,57512,500546.05,97.0,8.7,BE
27-08-2018,8.45,9.2,8.45,9.15,9.15,11.7,5.65,119953,1084690.65,104.0,9.04,BE
28-08-2018,9.3,9.6,9.0,9.6,9.6,11.7,5.65,397350,3800327.55,201.0,9.56,BE
29-08-2018,9.35,10.05,9.35,10.0,10.0,11.7,5.65,79601,784404.05,112.0,9.85,BE
30-08-2018,9.65,10.4,9.5,10.1,10.4,11.7,5.65,173318,1727063.95,199.0,9.96,BE
31-08-2018,10.45,10.45,9.6,9.6,9.6,11.7,5.65,338688,3257885.45,79.0,9.62,BE
03-09-2018,9.15,9.95,9.15,9.15,9.15,11.7,5.65,13002,119027.9,40.0,9.15,BE
04-09-2018,8.7,9.6,8.7,9.6,9.55,11.7,5.65,115252,1066783.1,144.0,9.26,BE
05-09-2018,9.5,10.05,9.2,9.9,10.05,11.7,5.65,521010,5053875.0,227.0,9.7,BE
06-09-2018,9.7,10.0,9.6,9.95,9.9,11.7,5.65,353493,3498624.1,173.0,9.9,BE
07-09-2018,10.0,10.4,9.6,10.3,10.25,11.7,5.65,140545,1415173.25,142.0,10.07,BE
10-09-2018,10.25,10.8,9.9,10.2,10.35,11.7,5.65,241238,2531460.55,169.0,10.49,BE
11-09-2018,10.6,10.6,9.75,10.15,10.2,11.7,5.65,657112,6580939.65,219.0,10.01,BE
12-09-2018,10.5,10.5,9.8,9.95,9.9,11.7,5.65,299320,2972815.55,127.0,9.93,BE
14-09-2018,9.55,9.95,9.55,9.75,9.95,11.7,5.65,75768,753353.1,16.0,9.94,BE
17-09-2018,10.15,10.2,9.3,10.2,10.2,11.7,5.65,648516,6407473.8,236.0,9.88,BE
18-09-2018,9.85,10.15,9.7,9.75,10.1,11.7,5.65,62711,617515.05,86.0,9.85,BE
19-09-2018,9.9,10.0,9.4,9.85,9.9,11.7,5.65,131180,1276132.3,58.0,9.73,BE
21-09-2018,9.5,10.1,9.4,9.9,9.9,11.7,5.65,146999,1448989.5,124.0,9.86,BE
24-09-2018,9.9,9.9,9.45,9.65,9.75,11.7,5.65,86754,829925.05,116.0,9.57,BE
25-09-2018,9.3,10.1,9.3,9.95,10.05,11.7,5.65,327376,3212514.55,241.0,9.81,BE
26-09-2018,10.1,10.1,9.5,9.55,9.7,11.7,5.65,177592,1739849.5,81.0,9.8,BE
27-09-2018,9.1,9.7,9.1,9.1,9.1,11.7,5.65,18859,172081.2,31.0,9.12,BE
28-09-2018,8.65,8.65,8.65,8.65,8.65,11.7,5.65,6029,52150.85,15.0,8.65,BE
01-10-2018,8.25,8.25,8.25,8.25,8.25,11.7,5.65,13436,110847.0,22.0,8.25,BE
03-10-2018,8.0,8.55,7.85,8.2,8.2,11.7,5.65,154161,1264314.25,124.0,8.2,BE
04-10-2018,7.8,8.4,7.8,8.05,8.05,11.7,5.65,11999,95487.95,72.0,7.96,BE
05-10-2018,7.85,8.35,7.65,7.7,7.65,11.7,5.65,46117,358368.6,72.0,7.77,BE
08-10-2018,7.7,8.05,7.45,8.0,8.0,11.7,5.65,60809,481702.35,53.0,7.92,BE
09-10-2018,7.7,8.35,7.7,8.0,8.0,11.7,5.65,27480,222284.95,53.0,8.09,BE
10-10-2018,7.75,8.35,7.75,8.2,8.3,11.7,5.65,116391,941990.25,57.0,8.09,BE
11-10-2018,8.15,8.35,7.8,8.1,8.3,11.7,5.65,27745,223650.6,87.0,8.06,BE
12-10-2018,8.3,8.5,7.85,8.45,8.5,11.7,5.65,69459,571997.7,118.0,8.24,BE
15-10-2018,8.75,8.85,8.2,8.8,8.85,11.7,5.65,34810,303678.8,55.0,8.72,BE
16-10-2018,8.45,9.2,8.45,9.05,9.1,11.7,5.65,907295,8203862.9,212.0,9.04,EQ
17-10-2018,8.85,9.2,8.6,8.75,8.6,11.7,5.65,291860,2619390.0,637.0,8.97,EQ
19-10-2018,8.35,8.8,8.35,8.4,8.7,11.7,5.65,25625,216806.45,87.0,8.46,EQ
22-10-2018,8.4,8.55,8.0,8.05,8.05,11.7,5.65,182169,1491227.9,250.0,8.19,EQ
23-10-2018,7.9,8.25,7.65,7.7,7.85,11.7,5.65,880196,6811466.15,156.0,7.74,EQ
24-10-2018,7.85,8.05,7.55,8.0,8.05,11.7,5.65,170015,1322791.3,163.0,7.78,EQ
25-10-2018,7.85,8.25,7.65,7.8,7.65,11.7,5.65,147705,1171174.0,80.0,7.93,EQ
26-10-2018,7.7,8.15,7.7,8.05,8.15,11.7,5.65,76209,603335.7,66.0,7.92,EQ
29-10-2018,7.8,8.45,7.8,8.4,8.45,11.7,5.65,28068,234000.35,63.0,8.34,EQ
30-10-2018,8.55,8.8,8.3,8.8,8.8,11.7,5.65,121209,1055679.4,120.0,8.71,EQ
31-10-2018,8.5,9.2,8.5,9.2,9.2,11.7,5.65,198073,1813162.1,290.0,9.15,EQ
01-11-2018,9.6,9.6,8.85,9.1,9.2,11.7,5.65,313632,2854624.8,89.0,9.1,EQ
02-11-2018,9.55,9.55,8.75,8.85,8.95,11.7,5.65,54225,481062.95,67.0,8.87,EQ
05-11-2018,8.95,8.95,8.45,8.55,8.45,11.7,5.65,251374,2162070.15,128.0,8.6,EQ
06-11-2018,8.55,8.55,8.15,8.15,8.3,11.7,5.65,107221,891449.85,56.0,8.31,EQ
07-11-2018,8.2,8.3,7.8,7.9,7.85,11.7,5.65,59252,470720.75,89.0,7.94,EQ
09-11-2018,7.55,8.15,7.55,7.8,7.95,11.7,5.65,19867,156769.15,59.0,7.89,EQ
12-11-2018,8.05,8.05,7.6,7.75,7.75,11.7,5.65,9692,76160.75,32.0,7.86,EQ
13-11-2018,7.95,7.95,7.4,7.4,7.4,11.7,5.65,77380,575269.25,84.0,7.43,EQ
14-11-2018,7.4,7.4,7.05,7.2,7.3,11.7,5.65,78608,564061.15,168.0,7.18,EQ
15-11-2018,7.1,7.3,7.05,7.25,7.25,11.7,5.65,13046,93964.65,51.0,7.2,EQ
16-11-2018,7.05,7.35,7.05,7.25,7.25,11.7,5.65,6133,44420.8,11.0,7.24,EQ
19-11-2018,7.45,7.6,7.15,7.3,7.15,11.7,5.65,16032,118677.35,34.0,7.4,EQ
20-11-2018,7.1,7.45,7.1,7.25,7.25,11.7,5.65,5511,40448.7,25.0,7.34,EQ
21-11-2018,7.25,7.6,7.0,7.55,7.5,11.7,5.65,423375,3000222.7,607.0,7.09,EQ
22-11-2018,7.25,7.75,7.25,7.45,7.45,11.7,5.65,44521,339189.7,46.0,7.62,EQ
26-11-2018,7.6,7.6,7.2,7.25,7.2,11.7,5.65,63795,473449.95,110.0,7.42,EQ
27-11-2018,7.2,7.5,7.2,7.2,7.2,11.7,5.65,1792,13022.4,6.0,7.27,EQ
28-11-2018,7.55,7.55,7.25,7.55,7.55,11.7,5.65,14532,109392.75,41.0,7.53,EQ
29-11-2018,7.45,7.75,7.2,7.3,7.3,11.7,5.65,51221,372480.7,93.0,7.27,EQ
30-11-2018,7.05,7.3,7.05,7.2,7.15,11.7,5.65,958,6907.8,20.0,7.21,EQ
03-12-2018,7.1,7.5,7.0,7.4,7.4,11.7,5.65,9341,68071.25,22.0,7.29,EQ
04-12-2018,7.7,7.7,7.1,7.1,7.1,11.7,5.65,16458,118481.5,29.0,7.2,EQ
05-12-2018,7.3,7.3,7.0,7.0,7.3,11.7,5.65,4780,33668.6,16.0,7.04,EQ
06-12-2018,7.05,7.35,7.0,7.05,7.1,11.7,5.65,108187,773112.9,58.0,7.15,EQ
07-12-2018,7.4,7.4,6.8,6.9,6.95,11.7,5.65,11671,81275.75,51.0,6.96,EQ
10-12-2018,7.0,7.0,6.4,6.7,6.7,11.7,5.65,3306,22402.6,36.0,6.78,EQ
11-12-2018,6.9,7.25,6.3,7.05,7.05,11.7,5.65,13950,96958.45,33.0,6.95,EQ
12-12-2018,7.05,7.4,6.8,6.95,7.0,11.7,5.65,16112,111924.6,50.0,6.95,EQ
13-12-2018,7.0,7.1,6.6,6.85,6.85,11.7,5.65,10085,69901.15,28.0,6.93,EQ
14-12-2018,6.85,7.0,6.8,7.0,7.0,11.7,5.65,49728,343381.8,43.0,6.91,EQ
17-12-2018,7.0,7.4,6.65,7.3,7.4,11.7,5.65,19423,137588.25,57.0,7.08,EQ
18-12-2018,7.3,7.45,7.0,7.15,7.15,11.7,5.65,15339,109878.2,35.0,7.16,EQ
19-12-2018,7.0,7.2,6.85,6.95,6.95,11.7,5.65,64646,455866.1,110.0,7.05,EQ
20-12-2018,6.65,7.0,6.65,6.8,6.7,11.7,5.65,30081,205522.25,58.0,6.83,EQ
21-12-2018,6.95,6.95,6.6,6.9,6.8,11.7,5.65,20898,144136.4,11.0,6.9,EQ
24-12-2018,6.9,7.2,6.8,6.8,6.8,11.7,5.65,9529,66175.4,30.0,6.94,EQ
26-12-2018,6.8,7.05,6.8,6.8,6.8,11.7,5.65,12533,86253.85,34.0,6.88,EQ
27-12-2018,7.1,7.1,6.5,6.6,6.8,11.7,5.65,19283,130144.65,59.0,6.75,EQ
28-12-2018,6.6,6.75,6.25,6.55,6.55,11.7,5.65,3554,23557.5,18.0,6.63,EQ
31-12-2018,7.1,7.1,6.25,6.75,6.5,11.7,5.65,61388,414217.1,48.0,6.75,EQ
01-01-2019,6.65,6.95,6.65,6.7,6.7,11.7,5.65,81631,550968.3,19.0,6.75,EQ
02-01-2019,6.9,6.9,6.65,6.65,6.65,11.7,5.65,35304,239306.25,32.0,6.78,EQ
03-01-2019,6.8,6.85,6.4,6.6,6.6,11.7,5.65,3801,25237.1,42.0,6.64,EQ
04-01-2019,6.45,6.8,6.4,6.55,6.5,11.7,5.65,15660,101945.85,50.0,6.51,EQ
07-01-2019,6.85,6.85,6.5,6.5,6.6,11.7,5.65,11205,74277.75,15.0,6.63,EQ
08-01-2019,6.2,7.05,6.2,6.8,6.85,11.7,5.65,16673,112290.85,70.0,6.73,EQ
09-01-2019,6.85,6.95,6.55,6.6,6.6,11.7,5.65,13691,92032.55,47.0,6.72,EQ
10-01-2019,6.65,6.75,6.6,6.6,6.6,11.7,5.65,13535,90581.75,15.0,6.69,EQ
11-01-2019,6.6,6.7,6.4,6.5,6.5,11.7,5.65,18632,123487.15,36.0,6.63,EQ
14-01-2019,6.5,6.95,6.4,6.75,6.85,11.7,5.65,2662,17385.45,24.0,6.53,EQ
15-01-2019,6.6,7.0,6.5,6.6,6.6,11.7,5.65,2710,17944.35,41.0,6.62,EQ
16-01-2019,6.85,6.85,6.3,6.5,6.55,11.7,5.65,42400,275640.35,84.0,6.5,EQ
17-01-2019,6.55,6.75,6.25,6.3,6.3,11.7,5.65,75774,478904.9,86.0,6.32,EQ
18-01-2019,6.3,6.45,6.1,6.2,6.2,11.7,5.65,94703,591786.85,66.0,6.25,EQ
21-01-2019,5.7,6.35,5.7,6.0,6.3,10.8,5.65,18465,110812.1,95.0,6.0,EQ
22-01-2019,6.0,6.35,5.9,6.15,6.15,10.8,5.65,115170,704339.85,160.0,6.12,EQ
23-01-2019,6.15,6.25,6.0,6.1,6.25,10.8,5.65,107193,649373.9,72.0,6.06,EQ
24-01-2019,6.25,6.25,5.8,6.1,6.1,10.8,5.65,22432,133793.8,83.0,5.96,EQ
25-01-2019,5.7,6.0,5.55,5.7,5.6,10.8,5.55,118371,682171.5,56.0,5.76,EQ
28-01-2019,5.75,5.85,5.2,5.25,5.3,10.8,5.2,68091,383265.65,48.0,5.63,EQ
29-01-2019,5.3,5.4,4.85,4.9,4.9,10.8,4.85,84226,426807.15,121.0,5.07,EQ
30-01-2019,5.2,5.35,4.7,5.35,5.35,10.8,4.7,109278,554748.95,98.0,5.08,EQ
31-01-2019,5.35,5.7,5.05,5.15,5.15,10.8,4.7,50437,266203.6,134.0,5.28,EQ
01-02-2019,5.35,5.35,5.0,5.05,5.1,10.8,4.7,31356,162971.55,44.0,5.2,EQ
04-02-2019,5.05,5.25,4.6,4.7,4.85,10.8,4.6,36012,172876.15,71.0,4.8,EQ
05-02-2019,4.75,4.9,4.6,4.85,4.85,10.8,4.6,51102,244415.4,90.0,4.78,EQ
06-02-2019,4.7,5.05,4.7,4.85,5.05,10.8,4.6,95907,461380.45,103.0,4.81,EQ
07-02-2019,4.85,5.05,4.85,5.05,5.05,10.8,4.6,14665,73550.95,18.0,5.02,EQ
08-02-2019,5.05,5.3,4.95,5.25,5.3,10.8,4.6,206346,1062647.5,79.0,5.15,EQ
11-02-2019,5.05,5.5,5.05,5.45,5.45,10.8,4.6,48860,264790.75,46.0,5.42,EQ
12-02-2019,5.35,5.7,5.2,5.2,5.2,10.8,4.6,259665,1386938.9,160.0,5.34,EQ
13-02-2019,5.05,5.4,5.05,5.2,5.2,10.8,4.6,93356,483951.3,63.0,5.18,EQ
14-02-2019,5.1,5.3,5.1,5.15,5.1,10.8,4.6,176533,916662.6,52.0,5.19,EQ
15-02-2019,5.25,5.4,5.0,5.2,5.4,10.8,4.6,60671,310925.1,47.0,5.12,EQ
18-02-2019,5.05,5.45,5.05,5.3,5.45,10.8,4.6,127640,682489.5,45.0,5.35,EQ
19-02-2019,5.55,5.55,5.2,5.45,5.55,10.8,4.6,99205,529017.55,42.0,5.33,EQ
20-02-2019,5.45,5.7,5.35,5.7,5.7,10.8,4.6,77536,416824.25,50.0,5.38,EQ
21-02-2019,5.55,5.95,5.55,5.9,5.95,10.8,4.6,42340,244832.6,74.0,5.78,EQ
22-02-2019,6.1,6.1,5.75,5.95,5.95,10.8,4.6,56845,333635.65,57.0,5.87,EQ
25-02-2019,6.0,6.2,5.95,6.0,5.95,10.8,4.6,63781,391370.6,57.0,6.14,EQ
26-02-2019,6.0,6.0,5.7,5.7,5.7,10.8,4.6,61598,352564.4,55.0,5.72,EQ
27-02-2019,5.65,5.95,5.45,5.9,5.95,10.8,4.6,192589,1093617.85,177.0,5.68,EQ
28-02-2019,5.75,5.9,5.7,5.8,5.85,10.8,4.6,91657,532938.25,63.0,5.81,EQ
01-03-2019,5.65,6.0,5.65,5.85,6.0,10.8,4.6,30574,179078.0,60.0,5.86,EQ
05-03-2019,5.9,6.0,5.6,5.6,5.6,10.8,4.6,86752,491597.2,108.0,5.67,EQ
06-03-2019,5.6,5.6,5.4,5.4,5.4,10.8,4.6,52598,288350.35,49.0,5.48,EQ
07-03-2019,5.65,5.65,5.4,5.6,5.65,10.8,4.6,137995,771075.9,99.0,5.59,EQ
08-03-2019,5.55,5.8,5.55,5.6,5.75,10.8,4.6,189696,1068480.5,84.0,5.63,EQ
11-03-2019,5.6,5.65,5.4,5.4,5.4,10.8,4.6,74610,409150.95,93.0,5.48,EQ
12-03-2019,5.25,5.65,5.25,5.45,5.45,10.8,4.6,209301,1135608.0,178.0,5.43,EQ
13-03-2019,5.3,5.55,5.3,5.35,5.3,10.8,4.6,239374,1310893.3,272.0,5.48,EQ
14-03-2019,5.2,5.5,5.15,5.15,5.15,10.8,4.6,31416,164069.9,45.0,5.22,EQ
15-03-2019,5.15,5.3,5.0,5.15,5.3,10.8,4.6,89684,462936.25,40.0,5.16,EQ
18-03-2019,5.35,5.35,4.9,4.95,5.0,10.8,4.6,133157,672960.95,63.0,5.05,EQ
19-03-2019,4.95,5.15,4.8,5.15,5.15,10.8,4.6,184069,936006.45,87.0,5.09,EQ
20-03-2019,5.1,5.35,4.9,4.95,5.1,10.8,4.6,263169,1309350.25,121.0,4.98,EQ
22-03-2019,4.9,5.1,4.85,5.05,5.1,10.8,4.6,62883,313690.9,88.0,4.99,EQ
25-03-2019,5.05,5.05,4.8,4.95,4.8,10.8,4.6,129813,641399.05,58.0,4.94,EQ
26-03-2019,5.05,5.15,4.75,5.05,5.1,10.8,4.6,182098,904225.15,128.0,4.97,EQ
27-03-2019,5.3,5.3,4.8,4.9,4.95,10.8,4.6,210080,1047566.1,118.0,4.99,EQ
28-03-2019,4.8,4.95,4.7,4.75,4.7,10.8,4.6,62260,298349.15,146.0,4.79,EQ
29-03-2019,4.85,4.95,4.55,4.85,4.8,10.8,4.55,586447,2727432.5,214.0,4.65,EQ
01-04-2019,4.8,5.05,4.8,5.0,5.0,10.8,4.55,19132,95900.75,48.0,5.01,EQ
02-04-2019,4.8,5.2,4.8,4.95,4.95,10.8,4.55,28351,142903.35,66.0,5.04,EQ
03-04-2019,4.9,5.1,4.9,5.1,5.1,10.8,4.55,61022,310314.0,16.0,5.09,EQ
04-04-2019,4.9,5.15,4.85,4.9,4.85,10.8,4.55,18782,92637.25,39.0,4.93,EQ
05-04-2019,4.75,5.2,4.75,5.05,5.0,10.8,4.55,11117,56053.05,33.0,5.04,EQ
08-04-2019,5.0,5.15,4.8,4.8,4.8,10.8,4.55,142358,718104.0,51.0,5.04,EQ
09-04-2019,4.8,5.1,4.7,4.85,5.0,10.8,4.55,4751,23457.35,30.0,4.94,EQ
10-04-2019,4.85,4.95,4.6,4.7,4.7,10.8,4.55,97515,471764.9,282.0,4.84,EQ
11-04-2019,4.35,4.85,4.35,4.7,4.7,10.8,4.35,36860,172453.35,240.0,4.68,EQ
12-04-2019,4.45,4.7,4.45,4.6,4.6,10.8,4.35,30593,142155.95,156.0,4.65,EQ
15-04-2019,4.8,4.85,4.25,4.65,4.7,10.8,4.25,16885,77584.1,55.0,4.59,EQ
16-04-2019,4.65,4.75,4.45,4.5,4.45,10.8,4.25,21166,96274.3,43.0,4.55,EQ
18-04-2019,4.5,4.65,4.25,4.5,4.5,10.8,4.25,14197,63574.75,35.0,4.48,EQ
22-04-2019,4.55,4.75,4.4,4.4,4.6,10.8,4.25,5959,26692.35,36.0,4.48,EQ
23-04-2019,4.3,4.8,4.2,4.65,4.8,10.8,4.2,28574,132131.25,132.0,4.62,EQ
24-04-2019,4.8,4.8,4.4,4.45,4.45,10.8,4.2,13034,58309.95,50.0,4.47,EQ
25-04-2019,4.2,4.5,4.05,4.15,4.2,10.8,4.05,44628,188868.5,179.0,4.23,EQ
26-04-2019,4.15,4.35,4.0,4.25,4.35,10.8,4.0,42927,180031.2,81.0,4.19,EQ
30-04-2019,4.2,4.4,4.1,4.2,4.2,10.8,4.0,58824,247514.65,139.0,4.21,EQ
02-05-2019,4.0,4.25,4.0,4.15,4.1,10.8,4.0,11841,49257.95,39.0,4.16,EQ
03-05-2019,4.15,4.15,4.1,4.1,4.1,10.8,4.0,2641,10896.4,22.0,4.13,EQ
06-05-2019,3.9,4.35,3.9,4.2,4.2,10.8,3.9,2610,10936.5,25.0,4.19,EQ
07-05-2019,4.35,4.35,4.1,4.3,4.3,10.8,3.9,12979,55101.45,24.0,4.25,EQ
08-05-2019,4.05,4.35,4.05,4.2,4.2,10.8,3.9,5502,23366.45,29.0,4.25,EQ
09-05-2019,4.2,4.35,4.2,4.25,4.25,10.8,3.9,25684,110290.4,19.0,4.29,EQ
10-05-2019,4.35,4.4,4.2,4.35,4.25,10.8,3.9,2928,12332.65,10.0,4.21,EQ
13-05-2019,4.35,4.5,4.15,4.35,4.15,10.8,3.9,10704,46586.5,29.0,4.35,EQ
14-05-2019,4.05,4.25,3.95,3.95,3.95,10.8,3.9,19131,77035.7,47.0,4.03,EQ
15-05-2019,3.8,4.2,3.7,4.2,4.2,10.8,3.7,12279,47676.75,49.0,3.88,EQ
16-05-2019,3.9,4.25,3.9,4.15,4.15,10.8,3.7,7234,30251.85,37.0,4.18,EQ
17-05-2019,3.9,4.55,3.9,4.3,4.55,10.8,3.7,44293,179601.2,49.0,4.05,EQ
20-05-2019,4.25,4.3,4.0,4.1,4.25,10.8,3.7,22017,90935.35,59.0,4.13,EQ
21-05-2019,4.15,4.45,3.75,3.9,3.9,10.8,3.7,29677,119534.35,64.0,4.03,EQ
22-05-2019,3.8,4.05,3.8,4.0,4.0,10.8,3.7,22904,90779.55,55.0,3.96,EQ
23-05-2019,4.0,4.25,3.75,3.85,3.85,10.8,3.7,37000,147051.85,117.0,3.97,EQ
24-05-2019,4.15,4.15,3.65,3.8,4.0,10.8,3.65,12049,47396.5,62.0,3.93,EQ
27-05-2019,4.05,4.05,3.9,3.95,3.9,10.8,3.65,9431,37334.7,34.0,3.96,EQ
28-05-2019,4.0,4.1,3.85,3.95,3.95,10.8,3.65,27281,108314.7,46.0,3.97,EQ
29-05-2019,3.95,4.0,3.8,3.9,3.85,10.8,3.65,13542,52084.85,35.0,3.85,EQ
30-05-2019,3.85,4.0,3.75,4.0,3.85,10.8,3.65,27184,106974.5,64.0,3.94,EQ
31-05-2019,4.0,4.3,3.85,3.9,3.9,10.8,3.65,11898,47505.25,41.0,3.99,EQ
03-06-2019,3.85,3.95,3.75,3.75,3.75,10.8,3.65,8807,33071.05,29.0,3.76,EQ
04-06-2019,3.75,3.85,3.7,3.75,3.7,10.8,3.65,24817,92384.9,46.0,3.72,EQ
06-06-2019,3.7,3.8,3.7,3.75,3.7,10.8,3.65,4280,15983.3,30.0,3.73,EQ
07-06-2019,3.8,3.95,3.75,3.8,3.75,10.8,3.65,3570,13775.35,15.0,3.86,EQ
10-06-2019,3.8,3.8,3.6,3.6,3.6,10.8,3.6,13110,47316.0,25.0,3.61,EQ
11-06-2019,3.4,4.3,2.9,4.15,4.1,10.8,2.9,186922,697120.3,292.0,3.73,EQ
12-06-2019,4.3,4.3,3.65,3.85,4.05,10.8,2.9,49170,191769.95,184.0,3.9,EQ
13-06-2019,3.85,3.85,3.6,3.7,3.7,10.8,2.9,3739,13949.25,27.0,3.73,EQ
14-06-2019,3.5,4.2,3.4,3.8,3.8,10.8,2.9,7949,30161.3,55.0,3.79,EQ
17-06-2019,4.2,4.2,3.5,3.55,3.5,10.8,2.9,5226,19650.15,55.0,3.76,EQ
18-06-2019,3.5,4.15,3.1,3.8,3.95,10.8,2.9,62825,237029.0,267.0,3.77,EQ
19-06-2019,3.9,4.15,3.5,3.85,3.65,10.8,2.9,11471,43561.1,52.0,3.8,EQ
20-06-2019,3.85,4.1,3.65,3.95,4.0,10.8,2.9,6447,24958.45,45.0,3.87,EQ
21-06-2019,4.1,4.1,3.7,3.7,3.7,10.8,2.9,13212,49971.1,42.0,3.78,EQ
24-06-2019,3.85,3.85,3.5,3.55,3.55,10.8,2.9,17730,65190.2,67.0,3.68,EQ
25-06-2019,3.4,3.8,3.35,3.45,3.6,10.8,2.9,1808,6263.9,41.0,3.46,EQ
26-06-2019,3.45,4.1,3.45,4.1,4.1,10.8,2.9,194083,781820.95,353.0,4.03,EQ
27-06-2019,4.2,4.55,3.35,4.1,4.15,10.8,2.9,439502,1708042.3,888.0,3.89,EQ
28-06-2019,4.0,4.1,3.8,3.9,3.9,10.8,2.9,36637,143880.5,90.0,3.93,EQ
01-07-2019,4.2,4.2,3.6,3.85,4.1,10.8,2.9,14114,54942.7,76.0,3.89,EQ
02-07-2019,4.1,4.1,3.85,3.9,3.9,10.8,2.9,4122,16094.3,12.0,3.9,EQ
03-07-2019,4.4,4.4,3.75,4.0,4.0,10.8,2.9,5082,20158.55,50.0,3.97,EQ
04-07-2019,3.95,4.15,3.6,3.85,3.85,10.8,2.9,9984,38456.8,56.0,3.85,EQ
05-07-2019,4.05,4.05,3.85,3.9,3.85,10.8,2.9,5292,20928.3,32.0,3.95,EQ
08-07-2019,3.8,4.0,3.6,3.85,3.9,10.8,2.9,7791,29697.5,58.0,3.81,EQ
09-07-2019,3.9,4.05,3.6,3.9,4.0,10.8,2.9,17697,67664.2,105.0,3.82,EQ
10-07-2019,4.1,4.1,3.7,3.9,3.85,10.8,2.9,6045,23437.85,104.0,3.88,EQ
11-07-2019,3.85,4.1,3.7,3.95,4.1,10.8,2.9,16661,63824.8,119.0,3.83,EQ
12-07-2019,3.95,4.1,3.7,4.0,4.05,10.8,2.9,8892,34726.2,111.0,3.91,EQ
15-07-2019,4.0,4.1,3.8,4.0,4.1,10.8,2.9,4705,18652.5,21.0,3.96,EQ
16-07-2019,4.1,4.1,3.35,4.0,4.1,10.8,2.9,47452,189017.65,77.0,3.98,EQ
17-07-2019,3.85,4.2,3.85,3.95,3.95,10.8,2.9,2783,11047.7,24.0,3.97,EQ
18-07-2019,3.9,4.05,3.55,3.75,3.75,10.8,2.9,19464,71935.25,70.0,3.7,EQ
19-07-2019,3.65,3.75,3.55,3.75,3.75,10.8,2.9,1754,6390.4,36.0,3.64,EQ
22-07-2019,3.75,3.9,3.55,3.6,3.6,10.8,2.9,1526,5512.55,17.0,3.61,EQ
23-07-2019,3.65,3.9,3.5,3.65,3.6,10.8,2.9,5878,21551.2,34.0,3.67,EQ
24-07-2019,3.6,3.75,3.6,3.65,3.65,10.8,2.9,3032,11146.7,16.0,3.68,EQ
25-07-2019,3.4,3.75,3.4,3.7,3.6,10.8,2.9,2509,8872.15,31.0,3.54,EQ
26-07-2019,3.6,3.7,3.5,3.65,3.6,10.8,2.9,18733,67464.2,36.0,3.6,EQ
29-07-2019,3.6,3.95,3.4,3.6,3.6,10.8,2.9,28077,98861.8,123.0,3.52,EQ
30-07-2019,3.6,3.6,3.0,3.1,3.05,10.8,2.9,12296,38911.85,64.0,3.16,EQ
31-07-2019,3.1,3.7,3.0,3.65,3.4,10.8,2.9,6057,19288.05,38.0,3.18,EQ
01-08-2019,3.4,3.8,3.15,3.6,3.7,10.8,2.9,5103,17784.95,45.0,3.49,EQ
02-08-2019,3.3,3.7,3.05,3.5,3.5,10.8,2.9,23491,76593.1,65.0,3.26,EQ
05-08-2019,3.45,3.5,3.15,3.2,3.2,10.8,2.9,10044,33835.0,54.0,3.37,EQ
06-08-2019,3.2,3.7,3.15,3.45,3.45,10.8,2.9,9521,32244.65,37.0,3.39,EQ
07-08-2019,3.35,3.4,2.9,3.0,3.15,10.8,2.9,58839,181721.85,200.0,3.09,EQ
08-08-2019,3.2,3.6,2.95,3.6,3.6,10.8,2.9,66871,234043.45,194.0,3.5,EQ
09-08-2019,4.2,4.2,3.15,3.2,3.15,10.8,2.9,47067,156338.2,202.0,3.32,EQ
13-08-2019,3.2,3.5,3.05,3.2,3.2,10.8,2.9,19566,63388.2,76.0,3.24,EQ
14-08-2019,3.2,3.35,3.2,3.3,3.3,10.8,2.9,10585,34433.45,10.0,3.25,EQ
16-08-2019,3.4,3.65,3.25,3.55,3.65,10.8,2.9,52306,183463.8,63.0,3.51,EQ
19-08-2019,3.9,3.9,3.45,3.45,3.45,10.8,2.9,1061,3804.5,22.0,3.59,EQ
20-08-2019,3.4,3.55,3.1,3.3,3.3,10.8,2.9,3012,9770.7,34.0,3.24,EQ
21-08-2019,3.3,3.3,3.0,3.0,3.2,10.8,2.9,27336,84077.15,65.0,3.08,EQ
22-08-2019,3.0,3.2,2.75,3.0,3.0,10.8,2.75,33840,100058.75,69.0,2.96,EQ
23-08-2019,2.95,3.2,2.9,3.2,3.1,10.8,2.75,2782,8539.35,23.0,3.07,EQ
26-08-2019,3.45,3.45,3.1,3.2,3.2,10.8,2.75,23222,75294.95,83.0,3.24,EQ
27-08-2019,3.3,3.3,3.0,3.0,3.0,10.8,2.75,14024,43516.7,86.0,3.1,EQ
28-08-2019,3.1,3.1,2.85,3.0,3.0,10.8,2.75,7349,22090.25,60.0,3.01,EQ
29-08-2019,3.0,3.0,2.9,2.95,2.95,10.8,2.75,8648,25343.35,67.0,2.93,EQ
30-08-2019,2.9,3.0,2.8,2.95,2.9,10.8,2.75,8592,24868.8,56.0,2.89,EQ
03-09-2019,2.9,3.15,2.8,2.85,2.8,10.8,2.75,1104,3224.8,28.0,2.92,EQ
04-09-2019,2.65,2.95,2.6,2.75,2.95,10.8,2.6,17522,49214.35,52.0,2.81,EQ
05-09-2019,2.9,3.3,2.55,3.0,2.95,10.8,2.55,19390,58600.3,71.0,3.02,EQ
06-09-2019,3.1,3.1,2.8,3.0,3.0,10.8,2.55,1629,4948.3,31.0,3.04,EQ
09-09-2019,3.15,3.15,2.85,3.0,3.0,10.8,2.55,3242,9588.95,61.0,2.96,EQ
11-09-2019,3.1,3.1,2.9,2.95,2.95,10.8,2.55,7813,23558.7,58.0,3.02,EQ
12-09-2019,3.3,3.3,3.0,3.1,3.1,10.8,2.55,15130,46174.8,75.0,3.05,EQ
13-09-2019,3.1,3.15,3.1,3.15,3.15,10.8,2.55,1714,5318.4,15.0,3.1,EQ
16-09-2019,3.2,3.2,3.1,3.2,3.2,10.2,2.55,3880,12184.05,15.0,3.14,EQ
17-09-2019,3.2,3.2,3.0,3.05,3.05,10.2,2.55,7253,22389.1,24.0,3.09,EQ
18-09-2019,3.0,3.05,2.85,3.0,3.0,10.2,2.55,2190,6570.5,25.0,3.0,EQ
19-09-2019,3.0,3.05,2.9,2.95,3.0,10.2,2.55,1311,3899.75,31.0,2.97,EQ
20-09-2019,2.95,3.1,2.9,3.05,3.05,10.2,2.55,1873,5698.8,14.0,3.04,EQ
23-09-2019,3.0,3.25,3.0,3.1,3.1,10.1,2.55,3808,11891.1,46.0,3.12,EQ
24-09-2019,3.0,3.25,3.0,3.05,3.05,10.1,2.55,5838,18036.65,44.0,3.09,EQ
25-09-2019,3.0,3.0,2.85,2.95,2.95,10.1,2.55,8793,25908.1,35.0,2.95,EQ
26-09-2019,3.05,3.05,2.85,2.9,2.9,10.1,2.55,4278,12426.25,35.0,2.9,EQ
27-09-2019,2.9,3.0,2.75,2.95,3.0,10.1,2.55,6812,19720.95,75.0,2.9,EQ
30-09-2019,3.0,3.0,2.4,2.45,2.4,9.6,2.4,115127,286232.9,173.0,2.49,EQ
01-10-2019,2.45,2.7,2.0,2.0,2.0,9.6,2.0,178904,399879.65,175.0,2.24,EQ
03-10-2019,2.15,2.2,1.85,2.15,2.2,9.6,1.85,105898,221201.55,132.0,2.09,EQ
04-10-2019,2.2,2.3,2.0,2.15,2.05,9.6,1.85,16058,34624.4,49.0,2.16,EQ
07-10-2019,2.15,2.35,2.05,2.25,2.25,9.6,1.85,19505,43636.35,38.0,2.24,EQ
09-10-2019,2.45,2.45,2.1,2.3,2.25,9.6,1.85,36221,82459.25,84.0,2.28,EQ
10-10-2019,2.2,2.3,2.1,2.1,2.1,9.6,1.85,14219,29863.6,78.0,2.1,EQ
11-10-2019,2.05,2.2,1.9,2.0,1.9,9.6,1.85,129715,249235.05,91.0,1.92,EQ
14-10-2019,2.2,2.2,2.0,2.15,2.2,9.6,1.85,16968,36390.0,42.0,2.14,EQ
15-10-2019,2.15,2.3,2.0,2.0,2.0,9.6,1.85,13352,27819.05,60.0,2.08,EQ
16-10-2019,2.2,2.2,1.95,2.05,2.05,9.6,1.85,18841,38335.85,38.0,2.03,EQ
17-10-2019,2.05,2.1,1.9,2.0,2.0,9.6,1.85,24492,48394.2,49.0,1.98,EQ
18-10-2019,2.1,2.1,1.95,2.0,2.05,9.6,1.85,5983,11926.85,51.0,1.99,EQ
22-10-2019,2.1,2.1,1.95,2.05,2.05,9.6,1.85,6369,12913.45,28.0,2.03,EQ
23-10-2019,1.9,2.05,1.85,1.85,1.85,9.6,1.85,52254,97992.7,79.0,1.88,EQ
24-10-2019,1.75,1.95,1.7,1.7,1.7,9.6,1.7,118921,203075.1,142.0,1.71,EQ
25-10-2019,1.7,1.75,1.65,1.75,1.7,9.6,1.65,16061,27338.65,30.0,1.7,EQ
27-10-2019,1.8,1.8,1.75,1.75,1.75,9.6,1.65,4526,8146.15,9.0,1.8,EQ
29-10-2019,1.75,1.8,1.7,1.8,1.8,9.6,1.65,13495,23612.95,24.0,1.75,EQ
30-10-2019,1.75,1.85,1.75,1.8,1.85,9.6,1.65,14766,26529.55,25.0,1.8,EQ
31-10-2019,1.8,1.85,1.75,1.8,1.85,9.6,1.65,18032,32658.45,35.0,1.81,EQ
01-11-2019,1.8,1.85,1.75,1.85,1.85,9.6,1.65,19538,35513.7,38.0,1.82,EQ
04-11-2019,1.85,1.9,1.8,1.8,1.8,8.95,1.65,25803,47513.6,58.0,1.84,EQ
05-11-2019,1.8,1.8,1.8,1.8,1.8,8.95,1.65,2985,5373.0,17.0,1.8,EQ
06-11-2019,1.8,1.85,1.75,1.8,1.85,8.95,1.65,7242,13131.05,26.0,1.81,EQ
07-11-2019,1.85,1.85,1.8,1.85,1.85,8.95,1.65,2024,3700.9,16.0,1.83,EQ
08-11-2019,1.85,1.9,1.8,1.9,1.9,8.95,1.65,36879,69465.05,42.0,1.88,EQ
11-11-2019,1.95,1.95,1.9,1.95,1.95,8.05,1.65,9118,17547.15,40.0,1.92,EQ
13-11-2019,1.95,2.0,1.9,1.95,1.9,8.05,1.65,20422,40233.95,48.0,1.97,EQ
14-11-2019,1.95,2.0,1.9,1.95,1.95,8.05,1.65,8636,16489.45,28.0,1.91,EQ
15-11-2019,1.95,1.95,1.9,1.9,1.9,8.05,1.65,14802,28199.55,22.0,1.91,EQ
18-11-2019,1.85,1.95,1.85,1.85,1.9,7.75,1.65,4858,9073.85,19.0,1.87,EQ
19-11-2019,1.85,1.9,1.8,1.8,1.8,7.75,1.65,20827,38035.65,33.0,1.83,EQ
20-11-2019,1.8,1.85,1.8,1.85,1.85,7.75,1.65,2246,4105.1,8.0,1.83,EQ
21-11-2019,1.85,1.85,1.8,1.8,1.8,7.75,1.65,11699,21512.7,23.0,1.84,EQ
22-11-2019,1.8,1.85,1.75,1.85,1.85,7.75,1.65,7016,12964.85,19.0,1.85,EQ
25-11-2019,1.85,1.9,1.85,1.9,1.9,7.75,1.65,11800,21987.9,32.0,1.86,EQ
26-11-2019,1.95,1.95,1.85,1.95,1.95,7.75,1.65,7047,13409.05,14.0,1.9,EQ
27-11-2019,1.95,2.0,1.9,2.0,2.0,7.75,1.65,4397,8728.1,27.0,1.99,EQ
28-11-2019,2.0,2.1,1.95,2.0,2.0,7.75,1.65,14268,28930.25,41.0,2.03,EQ
29-11-2019,2.0,2.05,1.9,1.95,1.9,7.75,1.65,26957,52821.2,30.0,1.96,EQ
02-12-2019,1.9,2.0,1.9,2.0,1.95,7.7,1.65,10209,19990.15,17.0,1.96,EQ
03-12-2019,1.9,2.1,1.9,1.9,1.9,7.7,1.65,43014,82045.95,37.0,1.91,EQ
04-12-2019,1.9,1.95,1.85,1.85,1.85,7.7,1.65,37528,70501.8,30.0,1.88,EQ
05-12-2019,1.85,1.9,1.8,1.8,1.9,7.7,1.65,48471,89453.4,52.0,1.85,EQ
06-12-2019,1.85,1.95,1.65,1.75,1.85,7.7,1.65,49091,84602.95,65.0,1.72,EQ
09-12-2019,1.85,1.85,1.7,1.85,1.85,7.45,1.65,15013,27020.15,39.0,1.8,EQ
10-12-2019,1.8,1.9,1.75,1.9,1.9,7.45,1.65,9992,18556.5,34.0,1.86,EQ
11-12-2019,1.9,1.95,1.75,1.8,1.85,7.45,1.65,11665,21399.45,40.0,1.83,EQ
12-12-2019,1.8,1.85,1.7,1.85,1.85,7.45,1.65,8242,14557.5,24.0,1.77,EQ
13-12-2019,1.8,1.9,1.7,1.85,1.85,7.45,1.65,10110,17768.6,30.0,1.76,EQ
16-12-2019,1.7,1.9,1.7,1.75,1.85,7.45,1.65,9607,17130.4,36.0,1.78,EQ
17-12-2019,1.75,1.85,1.75,1.85,1.85,7.45,1.65,13191,24108.5,20.0,1.83,EQ
18-12-2019,1.85,1.85,1.7,1.8,1.8,7.45,1.65,68978,118018.9,64.0,1.71,EQ
19-12-2019,1.8,1.95,1.8,1.8,1.9,7.45,1.65,68790,129160.3,49.0,1.88,EQ
20-12-2019,1.8,1.9,1.8,1.9,1.85,7.45,1.65,3945,7305.25,20.0,1.85,EQ
23-12-2019,1.9,1.95,1.8,1.85,1.85,7.2,1.65,6340,11734.7,22.0,1.85,EQ
24-12-2019,1.8,2.0,1.75,1.95,2.0,7.2,1.65,26266,47567.2,40.0,1.81,EQ
26-12-2019,1.95,2.1,1.85,2.0,2.0,7.2,1.65,65267,127619.4,36.0,1.96,EQ
27-12-2019,2.15,2.15,1.8,2.0,1.95,7.2,1.65,12050,23624.95,34.0,1.96,EQ
30-12-2019,1.95,2.0,1.85,1.95,1.85,7.1,1.65,7530,14443.6,95.0,1.92,EQ
31-12-2019,1.95,2.1,1.95,1.95,1.95,7.1,1.65,9335,18394.25,26.0,1.97,EQ
01-01-2020,1.8,2.1,1.8,1.95,2.0,7.1,1.65,3879,7477.55,16.0,1.93,EQ
02-01-2020,2.0,2.1,1.9,2.1,2.1,7.1,1.65,46434,96757.65,39.0,2.08,EQ
03-01-2020,2.1,2.3,2.1,2.3,2.3,7.1,1.65,33331,75678.85,57.0,2.27,EQ
06-01-2020,2.4,2.5,2.15,2.25,2.3,7.05,1.65,35117,79363.35,74.0,2.26,EQ
07-01-2020,2.25,2.25,2.15,2.2,2.2,7.05,1.65,8567,18711.9,31.0,2.18,EQ
08-01-2020,2.05,2.25,2.0,2.05,2.05,7.05,1.65,35883,74031.1,51.0,2.06,EQ
09-01-2020,2.1,2.25,2.05,2.25,2.25,7.05,1.65,52537,117491.25,66.0,2.24,EQ
10-01-2020,2.45,2.45,2.2,2.3,2.35,7.05,1.65,27905,64992.55,63.0,2.33,EQ
13-01-2020,2.35,2.45,2.3,2.4,2.4,7.0,1.65,13395,32233.85,48.0,2.41,EQ
14-01-2020,2.4,2.5,2.4,2.5,2.5,7.0,1.65,28891,71462.25,105.0,2.47,EQ
15-01-2020,2.5,2.6,2.45,2.55,2.55,7.0,1.65,13402,33786.75,41.0,2.52,EQ
16-01-2020,2.6,2.65,2.5,2.55,2.5,7.0,1.65,23189,59592.3,42.0,2.57,EQ
17-01-2020,2.6,2.65,2.45,2.45,2.55,7.0,1.65,29339,74568.95,60.0,2.54,EQ
20-01-2020,2.4,2.55,2.4,2.45,2.45,6.35,1.65,14206,34493.05,38.0,2.43,EQ
21-01-2020,2.45,2.5,2.35,2.35,2.35,6.35,1.65,19609,46889.9,35.0,2.39,EQ
22-01-2020,2.3,2.4,2.3,2.35,2.35,6.35,1.65,4306,10084.5,20.0,2.34,EQ
23-01-2020,2.45,2.45,2.35,2.35,2.4,6.35,1.65,2367,5653.55,16.0,2.39,EQ
24-01-2020,2.45,2.45,2.3,2.45,2.45,6.35,1.65,19277,46292.2,36.0,2.4,EQ
27-01-2020,2.45,2.45,2.35,2.35,2.35,6.2,1.65,11802,28371.8,22.0,2.4,EQ
28-01-2020,2.25,2.4,2.25,2.35,2.3,6.2,1.65,6384,14803.4,26.0,2.32,EQ
29-01-2020,2.3,2.45,2.3,2.45,2.45,6.2,1.65,5502,13267.95,18.0,2.41,EQ
30-01-2020,2.4,2.5,2.35,2.35,2.35,6.2,1.65,14004,33718.6,19.0,2.41,EQ
31-01-2020,2.35,2.35,2.25,2.3,2.3,6.2,1.65,8848,19947.15,17.0,2.25,EQ
01-02-2020,2.4,2.4,2.25,2.3,2.3,6.2,1.65,3179,7284.6,15.0,2.29,EQ
03-02-2020,2.25,2.25,2.2,2.2,2.2,6.2,1.65,3640,8091.35,15.0,2.22,EQ
04-02-2020,2.3,2.3,2.1,2.2,2.25,6.2,1.65,11888,25297.2,32.0,2.13,EQ
05-02-2020,2.2,2.3,2.1,2.2,2.3,6.2,1.65,8074,17514.7,29.0,2.17,EQ
06-02-2020,2.2,2.25,2.1,2.1,2.1,6.2,1.65,6067,13195.05,26.0,2.17,EQ
07-02-2020,2.15,2.2,2.1,2.1,2.1,6.2,1.65,3102,6631.35,27.0,2.14,EQ
10-02-2020,2.15,2.2,2.05,2.05,2.05,6.2,1.65,12020,25435.3,567.0,2.12,EQ
11-02-2020,2.05,2.15,1.95,2.0,2.15,6.2,1.65,7991,16261.15,29.0,2.03,EQ
12-02-2020,2.1,2.1,2.0,2.0,2.0,6.2,1.65,5867,12073.25,45.0,2.06,EQ
13-02-2020,2.1,2.1,1.95,2.05,2.1,6.2,1.65,7943,15998.8,35.0,2.01,EQ
14-02-2020,1.95,2.15,1.95,1.95,1.95,6.2,1.65,23612,47277.8,41.0,2.0,EQ
17-02-2020,1.9,2.0,1.9,2.0,2.0,6.2,1.65,13814,26882.0,27.0,1.95,EQ
18-02-2020,2.0,2.0,1.9,1.9,1.9,6.2,1.65,4133,7896.5,15.0,1.91,EQ
19-02-2020,1.95,1.95,1.85,1.9,1.9,6.2,1.65,1464,2779.1,20.0,1.9,EQ
20-02-2020,1.9,1.95,1.85,1.9,1.9,6.2,1.65,8271,15871.4,36.0,1.92,EQ
24-02-2020,1.9,1.95,1.9,1.95,1.95,6.2,1.65,18343,35440.9,38.0,1.93,EQ
25-02-2020,1.95,1.95,1.9,1.9,1.9,6.2,1.65,4671,8899.9,16.0,1.91,EQ
26-02-2020,1.85,1.95,1.85,1.85,1.85,6.2,1.65,5204,9668.7,27.0,1.86,EQ
27-02-2020,1.85,1.9,1.85,1.9,1.9,6.2,1.65,13635,25617.55,28.0,1.88,EQ
28-02-2020,1.95,1.95,1.85,1.85,1.85,6.2,1.65,2179,4107.2,21.0,1.88,EQ
02-03-2020,1.9,1.9,1.8,1.85,1.85,6.0,1.65,3724,6839.4,15.0,1.84,EQ
03-03-2020,1.8,1.85,1.8,1.85,1.85,6.0,1.65,721,1303.15,8.0,1.81,EQ
04-03-2020,1.85,1.85,1.8,1.8,1.8,6.0,1.65,247,448.15,12.0,1.81,EQ
05-03-2020,1.8,1.8,1.75,1.75,1.75,6.0,1.65,962,1684.1,5.0,1.75,EQ
06-03-2020,1.75,1.8,1.7,1.7,1.7,6.0,1.65,12174,20701.65,31.0,1.7,EQ
09-03-2020,1.65,1.7,1.65,1.65,1.65,5.65,1.65,1015,1697.7,18.0,1.67,EQ
11-03-2020,1.65,1.7,1.6,1.7,1.6,5.65,1.6,3486,5737.1,31.0,1.65,EQ
12-03-2020,1.7,1.7,1.65,1.65,1.65,5.65,1.6,1345,2232.35,21.0,1.66,EQ
13-03-2020,1.65,1.65,1.6,1.6,1.65,5.65,1.6,6386,10451.65,24.0,1.64,EQ
16-03-2020,1.65,1.65,1.55,1.55,1.55,5.35,1.55,5610,8789.7,44.0,1.57,EQ
17-03-2020,1.5,1.5,1.5,1.5,1.5,5.35,1.5,2569,3853.5,20.0,1.5,EQ
18-03-2020,1.5,1.5,1.45,1.45,1.45,5.35,1.45,6302,9282.9,13.0,1.47,EQ
19-03-2020,1.45,1.45,1.4,1.4,1.4,5.35,1.4,1104,1585.3,16.0,1.44,EQ
20-03-2020,1.4,1.45,1.35,1.35,1.35,5.35,1.35,9336,12723.0,24.0,1.36,EQ
23-03-2020,1.35,1.35,1.3,1.3,1.3,5.3,1.3,2362,3141.15,16.0,1.33,EQ
24-03-2020,1.25,1.3,1.25,1.25,1.25,5.3,1.25,4099,5281.5,20.0,1.29,EQ
25-03-2020,1.2,1.2,1.2,1.2,1.2,5.3,1.2,72563,87075.6,23.0,1.2,EQ
26-03-2020,1.15,1.2,1.15,1.2,1.15,5.3,1.15,26656,30677.0,41.0,1.15,EQ
27-03-2020,1.15,1.25,1.15,1.25,1.25,5.3,1.15,48747,58156.8,28.0,1.19,EQ
30-03-2020,1.25,1.3,1.2,1.3,1.3,5.2,1.15,2482,3051.35,21.0,1.23,EQ
31-03-2020,1.3,1.3,1.25,1.25,1.25,5.2,1.15,1094,1401.55,23.0,1.28,EQ
01-04-2020,1.2,1.25,1.2,1.2,1.2,5.2,1.15,18055,21782.15,73.0,1.21,EQ
03-04-2020,1.2,1.25,1.15,1.15,1.15,5.2,1.15,23697,27452.7,51.0,1.16,EQ
07-04-2020,1.2,1.2,1.1,1.15,1.15,5.15,1.1,16925,19578.2,68.0,1.16,EQ
08-04-2020,1.1,1.2,1.1,1.2,1.2,5.15,1.1,32128,36322.0,48.0,1.13,EQ
09-04-2020,1.2,1.25,1.2,1.25,1.2,5.15,1.1,1320,1616.6,8.0,1.22,EQ
13-04-2020,1.2,1.3,1.2,1.25,1.2,4.85,1.1,20377,24828.45,72.0,1.22,EQ
15-04-2020,1.25,1.3,1.2,1.25,1.25,4.85,1.1,26420,33694.4,84.0,1.28,EQ
16-04-2020,1.25,1.3,1.2,1.25,1.3,4.85,1.1,21561,26692.15,69.0,1.24,EQ
17-04-2020,1.3,1.3,1.2,1.2,1.2,4.85,1.1,29861,37010.65,76.0,1.24,EQ
20-04-2020,1.25,1.25,1.15,1.25,1.25,4.8,1.1,47799,59203.3,70.0,1.24,EQ
21-04-2020,1.25,1.3,1.2,1.3,1.3,4.8,1.1,16373,21007.5,53.0,1.28,EQ
22-04-2020,1.35,1.35,1.35,1.35,1.35,4.8,1.1,5347,7218.45,21.0,1.35,EQ
23-04-2020,1.35,1.4,1.35,1.4,1.4,4.8,1.1,8641,12000.15,33.0,1.39,EQ
24-04-2020,1.4,1.4,1.35,1.35,1.35,4.8,1.1,6190,8356.6,15.0,1.35,EQ
27-04-2020,1.35,1.4,1.3,1.4,1.4,4.55,1.1,4380,6009.75,25.0,1.37,EQ
28-04-2020,1.45,1.45,1.35,1.4,1.4,4.55,1.1,4050,5691.25,36.0,1.41,EQ
29-04-2020,1.45,1.45,1.35,1.35,1.35,4.55,1.1,22997,31964.75,53.0,1.39,EQ
30-04-2020,1.4,1.4,1.35,1.4,1.4,4.55,1.1,42545,59381.45,69.0,1.4,EQ
04-05-2020,1.4,1.4,1.35,1.4,1.4,4.55,1.1,40119,54752.5,52.0,1.36,EQ
05-05-2020,1.4,1.45,1.35,1.45,1.4,4.55,1.1,18512,26012.3,43.0,1.41,EQ
06-05-2020,1.5,1.5,1.4,1.45,1.45,4.55,1.1,16259,23330.75,50.0,1.43,EQ
07-05-2020,1.4,1.5,1.4,1.4,1.4,4.55,1.1,22481,32160.85,47.0,1.43,EQ
08-05-2020,1.35,1.45,1.35,1.4,1.45,4.55,1.1,37135,52115.8,55.0,1.4,EQ
11-05-2020,1.35,1.45,1.35,1.4,1.4,4.55,1.1,25788,35956.0,23.0,1.39,EQ
12-05-2020,1.35,1.35,1.35,1.35,1.35,4.55,1.1,5137,6934.95,20.0,1.35,EQ
13-05-2020,1.3,1.4,1.3,1.4,1.4,4.55,1.1,21677,28930.0,38.0,1.33,EQ
14-05-2020,1.4,1.45,1.35,1.45,1.35,4.55,1.1,34173,49444.55,42.0,1.45,EQ
15-05-2020,1.5,1.5,1.4,1.45,1.45,4.55,1.1,17803,26003.0,43.0,1.46,EQ
18-05-2020,1.5,1.5,1.4,1.45,1.45,4.55,1.1,19131,27183.0,45.0,1.42,EQ
19-05-2020,1.4,1.45,1.4,1.45,1.45,4.55,1.1,6578,9290.0,32.0,1.41,EQ
20-05-2020,1.45,1.5,1.4,1.45,1.5,4.55,1.1,36174,52394.75,49.0,1.45,EQ
21-05-2020,1.5,1.5,1.5,1.5,1.5,4.55,1.1,7297,10945.5,22.0,1.5,EQ
22-05-2020,1.55,1.55,1.55,1.55,1.55,4.55,1.1,10589,16412.95,10.0,1.55,EQ
26-05-2020,1.6,1.6,1.6,1.6,1.6,4.55,1.1,5894,9430.4,14.0,1.6,EQ
27-05-2020,1.65,1.65,1.65,1.65,1.65,4.55,1.1,4469,7373.85,10.0,1.65,EQ
28-05-2020,1.7,1.7,1.7,1.7,1.7,4.55,1.1,5693,9678.1,13.0,1.7,EQ
29-05-2020,1.75,1.75,1.75,1.75,1.75,4.55,1.1,12821,22436.75,23.0,1.75,EQ
01-06-2020,1.75,1.8,1.75,1.75,1.75,4.55,1.1,18665,33164.4,25.0,1.78,EQ
02-06-2020,1.75,1.8,1.75,1.8,1.8,4.55,1.1,2657,4702.45,22.0,1.77,EQ
03-06-2020,1.8,1.85,1.8,1.85,1.85,4.55,1.1,3944,7296.35,14.0,1.85,EQ
04-06-2020,1.9,1.9,1.9,1.9,1.9,4.55,1.1,4112,7812.8,9.0,1.9,EQ
05-06-2020,1.95,1.95,1.95,1.95,1.95,4.55,1.1,1500,2925.0,7.0,1.95,EQ
08-06-2020,2.0,2.0,2.0,2.0,2.0,4.55,1.1,29881,59762.0,47.0,2.0,EQ
09-06-2020,2.1,2.1,2.1,2.1,2.1,4.55,1.1,27138,56989.8,29.0,2.1,EQ
10-06-2020,2.2,2.2,2.2,2.2,2.2,4.55,1.1,15657,34445.4,32.0,2.2,EQ
11-06-2020,2.3,2.3,2.3,2.3,2.3,4.55,1.1,9644,22181.2,19.0,2.3,EQ
12-06-2020,2.4,2.4,2.2,2.4,2.4,4.55,1.1,87920,205014.4,138.0,2.33,EQ
15-06-2020,2.45,2.5,2.3,2.45,2.5,4.55,1.1,68079,165769.55,130.0,2.43,EQ
16-06-2020,2.55,2.55,2.5,2.55,2.55,4.55,1.1,13426,34229.9,44.0,2.55,EQ
17-06-2020,2.55,2.65,2.55,2.65,2.65,4.55,1.1,28673,75904.05,53.0,2.65,EQ
18-06-2020,2.75,2.75,2.75,2.75,2.75,10.8,2.75,25388,69817.0,47.0,2.75,BE
19-06-2020,2.85,2.85,2.85,2.85,2.85,10.8,2.75,25218,71871.3,31.0,2.85,BE
22-06-2020,2.95,2.95,2.95,2.95,2.95,10.8,2.75,22621,66731.95,20.0,2.95,BE
23-06-2020,3.05,3.05,3.05,3.05,3.05,10.8,2.75,24187,73770.35,24.0,3.05,BE
24-06-2020,3.2,3.2,3.2,3.2,3.2,10.8,2.75,36902,118086.4,18.0,3.2,BE
25-06-2020,3.2,3.35,3.2,3.35,3.35,10.8,2.75,27365,91057.75,36.0,3.33,BE
26-06-2020,3.5,3.5,3.5,3.5,3.5,10.8,2.75,20874,73059.0,19.0,3.5,BE
29-06-2020,3.65,3.65,3.5,3.65,3.65,10.8,2.75,102333,371550.45,144.0,3.63,BE
30-06-2020,3.8,3.8,3.8,3.8,3.8,10.8,2.75,44550,169290.0,66.0,3.8,BE
01-07-2020,3.95,3.95,3.8,3.95,3.95,10.8,2.75,54434,214075.85,115.0,3.93,BE
02-07-2020,4.05,4.1,3.8,3.95,4.0,10.8,2.75,94327,374374.55,166.0,3.97,BE
03-07-2020,4.1,4.1,3.8,3.8,3.8,10.8,2.75,66810,260991.95,160.0,3.91,BE
06-07-2020,3.8,3.8,3.65,3.65,3.65,10.8,2.75,33159,121230.8,39.0,3.66,BE
07-07-2020,3.5,3.5,3.5,3.5,3.5,10.8,2.75,20685,72397.5,35.0,3.5,BE
08-07-2020,3.35,3.35,3.35,3.35,3.35,10.8,2.75,17531,58728.85,32.0,3.35,BE
09-07-2020,3.2,3.2,3.2,3.2,3.2,10.8,2.75,28582,91462.4,31.0,3.2,BE
10-07-2020,3.05,3.05,3.05,3.05,3.05,10.8,2.75,38161,116391.05,50.0,3.05,BE
13-07-2020,2.9,2.9,2.9,2.9,2.9,10.8,2.75,22566,65441.4,47.0,2.9,BE
14-07-2020,2.8,2.8,2.8,2.8,2.8,10.8,2.75,21680,60704.0,33.0,2.8,BE
15-07-2020,2.8,2.8,2.7,2.7,2.7,10.8,2.7,32264,87301.0,45.0,2.71,BE
16-07-2020,2.6,2.6,2.6,2.6,2.6,10.8,2.6,24035,62491.0,30.0,2.6,BE
17-07-2020,2.6,2.7,2.55,2.6,2.55,10.8,2.55,21135,55399.45,50.0,2.62,BE
20-07-2020,2.6,2.7,2.5,2.5,2.7,10.8,2.5,24684,64474.9,54.0,2.61,BE
21-07-2020,2.6,2.6,2.55,2.6,2.6,10.8,2.5,25315,65486.65,35.0,2.59,BE
22-07-2020,2.6,2.7,2.5,2.7,2.7,10.8,2.5,15111,39408.2,29.0,2.61,BE
23-07-2020,2.7,2.8,2.6,2.65,2.65,10.8,2.5,34000,92565.45,44.0,2.72,BE
24-07-2020,2.75,2.75,2.65,2.75,2.75,10.8,2.5,17466,47948.9,30.0,2.75,BE
27-07-2020,2.75,2.85,2.65,2.85,2.85,10.2,2.5,15425,42820.3,51.0,2.78,BE
28-07-2020,2.85,2.95,2.75,2.85,2.85,10.1,2.5,25372,73277.7,38.0,2.89,BE
29-07-2020,2.75,2.95,2.75,2.85,2.85,9.6,2.5,15753,44108.6,33.0,2.8,BE
30-07-2020,2.85,2.9,2.85,2.85,2.85,9.6,2.5,23660,67785.6,37.0,2.86,BE
31-07-2020,2.85,2.95,2.8,2.9,2.9,9.6,2.5,20028,58442.95,32.0,2.92,BE
03-08-2020,2.95,3.0,2.8,2.9,2.85,9.6,2.5,21883,63365.95,48.0,2.9,BE
04-08-2020,2.9,2.95,2.8,2.8,2.8,9.6,2.5,8232,23609.55,25.0,2.87,BE
05-08-2020,2.8,2.9,2.75,2.9,2.9,8.95,2.5,15481,43720.2,37.0,2.82,BE
06-08-2020,2.9,2.9,2.8,2.8,2.85,8.05,2.5,11426,32179.05,37.0,2.82,BE
07-08-2020,2.8,2.85,2.75,2.85,2.8,7.75,2.5,10155,28273.6,28.0,2.78,BE
10-08-2020,2.85,2.9,2.75,2.85,2.85,7.75,2.5,15768,43976.05,36.0,2.79,BE
11-08-2020,2.85,2.95,2.75,2.9,2.9,7.7,2.5,16271,45967.1,49.0,2.83,BE
12-08-2020,2.8,3.0,2.8,2.95,3.0,7.45,2.5,30555,89908.0,70.0,2.94,BE
13-08-2020,2.85,3.0,2.85,2.9,2.9,7.45,2.5,13772,39934.05,42.0,2.9,BE
14-08-2020,2.8,3.0,2.8,2.9,2.85,7.2,2.5,38964,114079.1,54.0,2.93,BE
17-08-2020,3.0,3.0,2.8,2.95,2.95,7.1,2.5,24631,71890.55,43.0,2.92,BE
18-08-2020,2.95,2.95,2.85,2.85,2.85,4.55,1.1,26402,75335.5,26.0,2.85,EQ
19-08-2020,2.85,2.95,2.75,2.9,2.9,4.4,1.1,21203,61096.9,56.0,2.88,EQ
20-08-2020,2.9,2.95,2.8,2.85,2.85,4.2,1.1,23839,67821.8,55.0,2.84,EQ
21-08-2020,2.85,2.9,2.8,2.85,2.8,4.2,1.1,16909,48289.05,62.0,2.86,EQ
24-08-2020,2.8,2.85,2.75,2.85,2.85,4.2,1.1,5528,15584.6,34.0,2.82,EQ
25-08-2020,2.9,2.9,2.75,2.8,2.75,4.2,1.1,36324,101773.75,57.0,2.8,EQ
26-08-2020,2.9,2.9,2.7,2.7,2.7,4.2,1.1,40612,110465.25,50.0,2.72,EQ
27-08-2020,2.7,2.8,2.6,2.6,2.7,3.9,1.1,14580,38838.4,47.0,2.66,EQ
28-08-2020,2.7,2.7,2.6,2.7,2.7,3.9,1.1,20370,54899.15,49.0,2.7,EQ
31-08-2020,2.7,2.8,2.65,2.8,2.7,3.45,1.1,83327,226362.35,84.0,2.72,EQ
01-09-2020,2.8,2.85,2.7,2.85,2.8,3.3,1.1,28809,80769.2,50.0,2.8,EQ
02-09-2020,2.95,2.95,2.75,2.75,2.75,3.3,1.1,8453,23410.7,35.0,2.77,EQ
03-09-2020,2.85,2.85,2.65,2.65,2.65,3.3,1.1,111049,305304.8,60.0,2.75,EQ
04-09-2020,2.75,2.75,2.55,2.75,2.75,3.3,1.1,76578,209381.1,68.0,2.73,EQ
07-09-2020,2.75,2.85,2.65,2.65,2.65,3.3,1.1,8115,22179.8,80.0,2.73,EQ
08-09-2020,2.65,2.7,2.6,2.65,2.6,3.3,1.1,8741,23192.75,39.0,2.65,EQ
09-09-2020,2.6,2.75,2.6,2.75,2.75,3.3,1.1,48183,131299.95,41.0,2.73,EQ
10-09-2020,2.85,2.85,2.85,2.85,2.85,3.3,1.1,27451,78235.35,51.0,2.85,EQ
11-09-2020,2.85,2.95,2.85,2.95,2.95,3.3,1.1,40663,119903.85,45.0,2.95,EQ
14-09-2020,3.05,3.05,3.05,3.05,3.05,3.25,1.1,11754,35849.7,27.0,3.05,EQ
15-09-2020,3.1,3.2,3.1,3.2,3.2,3.25,1.1,13090,41527.35,36.0,3.17,EQ
16-09-2020,3.2,3.35,3.2,3.35,3.35,3.35,1.1,8964,30027.75,26.0,3.35,EQ
17-09-2020,3.5,3.5,3.5,3.5,3.5,3.5,1.1,4728,16548.0,12.0,3.5,EQ
18-09-2020,3.65,3.65,3.65,3.65,3.65,3.65,1.1,12552,45814.8,17.0,3.65,EQ
21-09-2020,3.8,3.8,3.5,3.6,3.6,3.8,1.1,100173,369004.3,174.0,3.68,EQ
22-09-2020,3.75,3.75,3.45,3.45,3.45,3.8,1.1,23924,83310.2,52.0,3.48,EQ
23-09-2020,3.3,3.3,3.3,3.3,3.3,3.8,1.1,14483,47793.9,38.0,3.3,EQ
24-09-2020,3.3,3.3,3.15,3.15,3.15,7.05,2.5,109,344.85,2.0,3.16,BE
25-09-2020,3.0,3.0,3.0,3.0,3.0,7.0,2.5,892,2676.0,13.0,3.0,BE
28-09-2020,3.0,3.15,2.85,3.1,3.1,6.35,2.5,13101,38815.9,22.0,2.96,BE
29-09-2020,3.1,3.1,3.0,3.0,3.0,6.2,2.5,1352,4110.5,11.0,3.04,BE
30-09-2020,2.85,3.1,2.85,3.0,3.0,6.2,2.5,6065,17918.0,29.0,2.95,BE
01-10-2020,3.0,3.1,2.85,3.1,3.1,6.2,2.5,11039,32706.6,28.0,2.96,BE
05-10-2020,3.1,3.1,3.0,3.0,3.0,6.2,2.5,3197,9701.5,12.0,3.03,BE
06-10-2020,3.0,3.0,2.85,2.85,2.85,6.2,2.5,3859,11269.5,13.0,2.92,BE
07-10-2020,2.95,2.95,2.75,2.9,2.9,6.0,2.5,14724,41429.55,28.0,2.81,BE
08-10-2020,3.0,3.0,2.8,2.85,2.85,4.1,2.5,6359,17913.95,23.0,2.82,BE
09-10-2020,2.75,2.9,2.75,2.85,2.85,4.1,2.5,8255,23246.2,15.0,2.82,BE
12-10-2020,2.85,2.85,2.75,2.85,2.85,4.1,2.5,9260,25879.5,13.0,2.79,BE
13-10-2020,2.85,2.85,2.75,2.85,2.85,4.1,2.5,187,532.75,9.0,2.85,BE
14-10-2020,2.95,2.95,2.75,2.85,2.85,4.1,2.5,3103,8687.85,14.0,2.8,BE
15-10-2020,2.75,2.85,2.75,2.75,2.75,4.1,2.5,2734,7518.8,15.0,2.75,BE
16-10-2020,2.75,2.75,2.75,2.75,2.75,4.1,2.5,303,833.25,5.0,2.75,BE
19-10-2020,2.75,2.85,2.65,2.65,2.65,4.1,2.5,640,1774.7,14.0,2.77,BE
20-10-2020,2.65,2.75,2.55,2.75,2.75,4.1,2.5,5338,14187.2,29.0,2.66,BE
21-10-2020,2.85,2.85,2.65,2.7,2.7,4.1,2.5,2146,5906.2,11.0,2.75,BE
22-10-2020,2.6,2.8,2.6,2.7,2.7,4.1,2.5,1985,5427.1,13.0,2.73,BE
23-10-2020,2.8,2.8,2.6,2.65,2.7,4.1,2.5,9640,25780.15,32.0,2.67,BE
26-10-2020,2.75,2.75,2.55,2.7,2.7,3.8,2.5,2477,6684.85,18.0,2.7,BE
27-10-2020,2.7,2.8,2.7,2.8,2.8,3.5,2.5,12218,33956.0,18.0,2.78,BE
28-10-2020,2.9,2.9,2.9,2.9,2.9,3.35,2.5,18570,53853.0,13.0,2.9,BE
29-10-2020,3.0,3.0,3.0,3.0,3.0,3.3,2.5,22740,68220.0,38.0,3.0,BE
30-10-2020,3.0,3.15,3.0,3.15,3.15,3.3,2.5,21071,66269.15,39.0,3.15,BE
02-11-2020,3.25,3.3,3.15,3.3,3.3,3.3,2.5,11205,36894.4,31.0,3.29,BE
03-11-2020,3.45,3.45,3.45,3.45,3.45,3.45,2.5,22449,77449.05,15.0,3.45,BE
04-11-2020,3.6,3.6,3.45,3.6,3.55,3.6,2.5,67302,241328.35,73.0,3.59,BE
05-11-2020,3.7,3.7,3.45,3.55,3.5,3.7,2.5,38241,132071.85,52.0,3.45,BE
06-11-2020,3.5,3.5,3.4,3.4,3.4,3.7,2.5,5042,17259.0,19.0,3.42,BE
09-11-2020,3.4,3.4,3.25,3.25,3.25,3.7,2.5,6658,21639.25,21.0,3.25,BE
10-11-2020,3.3,3.3,3.1,3.1,3.1,3.8,1.1,26368,82093.05,27.0,3.11,EQ
11-11-2020,3.25,3.25,2.95,2.95,2.95,3.8,1.1,9957,29780.65,26.0,2.99,EQ
12-11-2020,2.85,3.05,2.85,2.95,2.95,3.8,1.1,30471,89405.1,68.0,2.93,EQ
13-11-2020,2.9,3.05,2.9,3.05,2.9,3.8,1.1,12293,36268.1,42.0,2.95,EQ
14-11-2020,3.1,3.15,3.1,3.1,3.1,3.8,1.1,1329,4151.5,11.0,3.12,EQ
17-11-2020,3.0,3.1,2.95,3.0,3.0,3.8,1.1,19919,59077.2,43.0,2.97,EQ
18-11-2020,3.05,3.15,2.85,2.95,3.0,3.8,1.1,35880,108594.1,60.0,3.03,EQ
19-11-2020,2.95,3.05,2.9,2.95,3.0,3.8,1.1,5554,16519.45,50.0,2.97,EQ
20-11-2020,2.95,3.05,2.85,2.9,2.9,3.8,1.1,18016,52159.4,65.0,2.9,EQ
23-11-2020,2.95,3.0,2.95,3.0,3.0,3.8,1.1,23856,71295.75,55.0,2.99,EQ
24-11-2020,3.1,3.15,2.85,3.15,3.15,3.8,1.1,54997,167947.05,102.0,3.05,EQ
25-11-2020,3.25,3.3,3.1,3.3,3.3,3.8,1.1,237070,770819.95,367.0,3.25,EQ
26-11-2020,3.4,3.45,3.35,3.45,3.4,3.8,1.1,92588,318643.7,203.0,3.44,EQ
27-11-2020,3.55,3.6,3.3,3.3,3.3,3.8,1.1,41799,141107.8,157.0,3.38,EQ
01-12-2020,3.3,3.3,3.15,3.15,3.15,3.8,1.1,33913,106884.7,33.0,3.15,EQ
02-12-2020,3.0,3.3,3.0,3.1,3.15,3.8,1.1,31703,96300.55,83.0,3.04,EQ
03-12-2020,3.15,3.15,3.0,3.05,3.05,3.8,1.1,18029,55350.3,58.0,3.07,EQ
04-12-2020,3.2,3.2,3.05,3.2,3.2,3.8,1.1,32258,101437.65,109.0,3.14,EQ
07-12-2020,3.35,3.35,3.15,3.3,3.3,3.8,1.1,79609,260990.25,99.0,3.28,EQ
08-12-2020,3.3,3.45,3.15,3.2,3.2,3.8,1.1,58178,190972.95,166.0,3.28,EQ
09-12-2020,3.25,3.35,3.1,3.3,3.2,3.8,1.1,112427,365424.65,107.0,3.25,EQ
10-12-2020,3.3,3.3,3.15,3.15,3.15,3.8,1.1,61625,195830.2,104.0,3.18,EQ
11-12-2020,3.0,3.25,3.0,3.1,3.15,3.8,1.1,41614,130727.4,96.0,3.14,EQ
14-12-2020,3.1,3.25,3.1,3.2,3.2,3.8,1.1,43050,135783.7,80.0,3.15,EQ
15-12-2020,3.25,3.25,3.1,3.15,3.2,3.8,1.1,32224,101437.2,92.0,3.15,EQ
16-12-2020,3.2,3.25,3.05,3.2,3.2,3.8,1.1,28619,90883.65,68.0,3.18,EQ
17-12-2020,3.3,3.3,3.1,3.15,3.1,3.8,1.1,18080,57224.7,70.0,3.17,EQ
18-12-2020,3.2,3.2,3.05,3.15,3.15,3.8,1.1,32954,102774.35,67.0,3.12,EQ
21-12-2020,3.0,3.2,3.0,3.0,3.1,3.8,1.1,59985,181407.4,82.0,3.02,EQ
22-12-2020,2.9,3.15,2.85,3.15,3.15,3.8,1.1,18203,53999.1,62.0,2.97,EQ
23-12-2020,3.15,3.2,3.0,3.1,3.2,3.8,1.1,33345,103605.25,93.0,3.11,EQ
24-12-2020,3.15,3.25,3.05,3.2,3.2,3.8,1.1,64161,203802.15,80.0,3.18,EQ
28-12-2020,3.1,3.2,3.1,3.15,3.15,3.8,1.1,15692,49570.55,51.0,3.16,EQ
29-12-2020,3.2,3.25,3.05,3.2,3.2,3.8,1.1,28033,87365.75,105.0,3.12,EQ
30-12-2020,3.25,3.25,3.1,3.2,3.2,3.8,1.1,18966,60145.9,41.0,3.17,EQ
31-12-2020,3.2,3.3,3.05,3.25,3.3,3.8,1.1,73497,236067.85,230.0,3.21,EQ
01-01-2021,3.35,3.35,3.1,3.15,3.2,3.8,1.1,58780,186583.5,105.0,3.17,EQ
04-01-2021,3.2,3.3,3.15,3.2,3.2,3.8,1.1,44533,144895.5,144.0,3.25,EQ
05-01-2021,3.25,3.35,3.15,3.35,3.35,3.8,1.1,112656,368400.3,123.0,3.27,EQ
06-01-2021,3.35,3.5,3.2,3.4,3.4,3.8,1.1,103450,341690.8,121.0,3.3,EQ
07-01-2021,3.4,3.5,3.3,3.5,3.5,3.8,1.1,44395,153083.35,92.0,3.45,EQ
08-01-2021,3.6,3.6,3.35,3.35,3.4,3.8,1.1,52387,179488.5,103.0,3.43,EQ
11-01-2021,3.45,3.45,3.2,3.3,3.25,3.8,1.1,33933,111820.45,88.0,3.3,EQ
12-01-2021,3.3,3.4,3.2,3.25,3.35,3.8,1.1,29543,97423.1,80.0,3.3,EQ
13-01-2021,3.4,3.4,3.15,3.15,3.2,3.8,1.1,58305,188801.1,127.0,3.24,EQ
14-01-2021,3.25,3.25,3.1,3.2,3.2,3.8,1.1,15661,50084.55,91.0,3.2,EQ
15-01-2021,3.3,3.3,3.1,3.15,3.15,3.8,1.1,16091,51879.0,73.0,3.22,EQ
18-01-2021,3.25,3.25,3.05,3.15,3.2,3.8,1.1,49368,154871.05,97.0,3.14,EQ
19-01-2021,3.15,3.2,3.1,3.15,3.2,3.8,1.1,22924,72340.9,58.0,3.16,EQ
20-01-2021,3.3,3.3,3.1,3.15,3.15,3.8,1.1,15337,48660.4,37.0,3.17,EQ
21-01-2021,3.1,3.2,3.05,3.05,3.05,3.8,1.1,40565,125984.8,272.0,3.11,EQ
22-01-2021,3.2,3.2,2.9,2.95,2.95,3.8,1.1,68050,201444.6,119.0,2.96,EQ
25-01-2021,3.05,3.05,2.9,2.9,3.05,3.8,1.1,63046,188856.3,79.0,3.0,EQ
27-01-2021,3.0,3.0,2.85,2.9,2.95,3.8,1.1,39321,113879.25,76.0,2.9,EQ
28-01-2021,2.95,2.95,2.85,2.9,2.9,3.8,1.1,12623,36511.05,61.0,2.89,EQ
29-01-2021,2.9,3.0,2.9,2.95,2.95,3.8,1.1,6457,19220.2,34.0,2.98,EQ
01-02-2021,2.95,3.05,2.9,3.0,3.0,3.8,1.1,11772,34824.25,65.0,2.96,EQ
02-02-2021,3.15,3.15,2.85,2.85,2.85,3.8,1.1,99690,289218.5,140.0,2.9,EQ
03-02-2021,2.9,2.9,2.75,2.75,2.85,3.8,1.1,84332,237432.55,118.0,2.82,EQ
04-02-2021,2.85,2.85,2.65,2.85,2.85,3.8,1.1,51740,142087.45,162.0,2.75,EQ
05-02-2021,2.95,2.95,2.75,2.85,2.75,3.8,1.1,51681,145090.25,79.0,2.81,EQ
08-02-2021,2.8,2.85,2.75,2.75,2.8,3.8,1.1,24891,68880.65,89.0,2.77,EQ
09-02-2021,2.7,2.8,2.7,2.7,2.8,3.8,1.1,20100,55252.5,88.0,2.75,EQ
10-02-2021,2.75,2.8,2.7,2.8,2.8,3.8,1.1,25956,71785.6,78.0,2.77,EQ
11-02-2021,2.9,2.9,2.75,2.9,2.9,3.8,1.1,41878,119813.8,90.0,2.86,EQ
12-02-2021,2.95,2.95,2.8,2.85,2.85,3.8,1.1,31991,90381.1,94.0,2.83,EQ
15-02-2021,2.9,2.9,2.75,2.75,2.75,3.8,1.1,38266,105503.0,94.0,2.76,EQ
16-02-2021,2.85,2.85,2.65,2.7,2.75,3.8,1.1,74345,197801.0,85.0,2.66,EQ
17-02-2021,2.8,2.8,2.6,2.7,2.8,3.8,1.1,116644,310735.4,130.0,2.66,EQ
18-02-2021,2.8,2.8,2.6,2.7,2.65,3.8,1.1,67772,187123.75,159.0,2.76,EQ
19-02-2021,2.8,2.8,2.6,2.6,2.6,3.8,1.1,133057,350626.05,116.0,2.64,EQ
22-02-2021,2.5,2.65,2.5,2.5,2.65,3.8,1.1,78478,200018.6,149.0,2.55,EQ
23-02-2021,2.55,2.6,2.45,2.6,2.6,3.8,1.1,28954,73837.75,78.0,2.55,EQ
24-02-2021,2.7,2.7,2.5,2.55,2.7,3.8,1.1,103779,267539.4,60.0,2.58,EQ
25-02-2021,2.6,2.65,2.45,2.5,2.6,3.8,1.1,226906,581112.5,177.0,2.56,EQ
26-02-2021,2.5,2.6,2.4,2.4,2.45,3.8,1.1,229117,556868.8,160.0,2.43,EQ
01-03-2021,2.45,2.5,2.35,2.45,2.4,3.8,1.1,101270,244911.9,129.0,2.42,EQ
02-03-2021,2.5,2.55,2.35,2.45,2.45,3.8,1.1,55889,135313.6,84.0,2.42,EQ
03-03-2021,2.5,2.5,2.4,2.45,2.45,3.8,1.1,35161,85926.55,77.0,2.44,EQ
04-03-2021,2.5,2.55,2.35,2.45,2.4,3.8,1.1,38770,95797.1,131.0,2.47,EQ
05-03-2021,2.5,2.5,2.4,2.45,2.4,3.8,1.1,68682,167465.2,86.0,2.44,EQ
08-03-2021,2.5,2.5,2.35,2.35,2.35,3.8,1.1,118886,281466.9,107.0,2.37,EQ
09-03-2021,2.3,2.45,2.25,2.4,2.45,3.8,1.1,112319,267001.4,79.0,2.38,EQ
10-03-2021,2.5,2.5,2.3,2.35,2.35,3.8,1.1,64072,149518.25,56.0,2.33,EQ
12-03-2021,2.35,2.35,2.25,2.3,2.25,3.8,1.1,126076,286236.5,129.0,2.27,EQ
15-03-2021,2.35,2.35,2.2,2.2,2.25,3.8,1.1,60239,134937.65,111.0,2.24,EQ
16-03-2021,2.25,2.3,2.1,2.3,2.3,3.8,1.1,111125,249536.7,120.0,2.25,EQ
17-03-2021,2.35,2.35,2.25,2.25,2.3,3.8,1.1,29822,68332.4,74.0,2.29,EQ
18-03-2021,2.35,2.35,2.2,2.25,2.3,3.8,1.1,35704,80635.25,100.0,2.26,EQ
19-03-2021,2.2,2.3,2.15,2.15,2.2,3.8,1.1,301021,647948.4,222.0,2.15,EQ
22-03-2021,2.15,2.25,2.05,2.05,2.05,3.8,1.1,197144,404970.7,153.0,2.05,EQ
23-03-2021,2.05,2.1,1.95,2.0,2.0,3.8,1.1,242491,478020.55,138.0,1.97,EQ
24-03-2021,1.9,2.05,1.9,2.05,2.05,3.8,1.1,13399,26496.7,65.0,1.98,EQ
25-03-2021,2.1,2.1,1.95,2.0,2.0,3.8,1.1,235816,471972.85,165.0,2.0,EQ
26-03-2021,2.05,2.05,1.9,2.05,2.05,3.8,1.1,37041,73917.1,73.0,2.0,EQ
30-03-2021,2.05,2.1,1.95,2.0,2.1,3.8,1.1,95838,194311.55,96.0,2.03,EQ
31-03-2021,2.0,2.0,1.9,1.9,2.0,3.8,1.1,34840,67769.4,87.0,1.95,EQ
01-04-2021,1.95,1.95,1.9,1.95,1.95,3.8,1.1,59330,115616.05,74.0,1.95,EQ
05-04-2021,1.95,2.0,1.9,1.95,1.95,3.8,1.1,31726,60795.9,73.0,1.92,EQ
06-04-2021,2.0,2.0,1.9,2.0,2.0,3.8,1.1,23237,46073.6,61.0,1.98,EQ
07-04-2021,2.05,2.05,1.95,1.95,2.05,3.8,1.1,46676,94437.85,169.0,2.02,EQ
08-04-2021,2.1,2.1,1.9,2.1,2.1,3.8,1.1,125760,258456.25,157.0,2.06,EQ
09-04-2021,2.1,2.3,2.05,2.25,2.2,3.8,1.1,77600,171896.35,188.0,2.22,EQ
12-04-2021,2.3,2.45,2.1,2.2,2.2,3.8,1.15,309993,750270.15,495.0,2.42,EQ
13-04-2021,2.2,2.4,2.15,2.25,2.2,3.8,1.15,331863,767510.0,393.0,2.31,EQ
15-04-2021,2.4,2.45,2.25,2.3,2.35,3.8,1.15,57072,133202.75,181.0,2.33,EQ
16-04-2021,2.45,2.45,2.2,2.4,2.4,3.8,1.15,89645,209413.65,157.0,2.34,EQ
19-04-2021,2.45,2.45,2.25,2.3,2.4,3.8,1.15,122416,286046.95,198.0,2.34,EQ
20-04-2021,2.4,2.4,2.3,2.35,2.4,3.8,1.15,60325,140942.8,120.0,2.34,EQ
22-04-2021,2.4,2.4,2.3,2.3,2.3,3.8,1.15,35476,83523.8,116.0,2.35,EQ
23-04-2021,2.4,2.4,2.25,2.3,2.35,3.8,1.15,57387,131877.3,163.0,2.3,EQ
26-04-2021,2.45,2.45,2.25,2.3,2.3,3.8,1.3,33126,76935.4,109.0,2.32,EQ
27-04-2021,2.3,2.35,2.25,2.3,2.35,3.8,1.3,30605,71099.7,105.0,2.32,EQ
28-04-2021,2.3,2.45,2.25,2.25,2.35,3.8,1.3,245078,558579.25,118.0,2.28,EQ
29-04-2021,2.35,2.35,2.1,2.25,2.25,3.8,1.3,114175,253862.35,118.0,2.22,EQ
30-04-2021,2.25,2.3,2.1,2.15,2.2,3.8,1.3,96456,208429.95,118.0,2.16,EQ
03-05-2021,2.25,2.25,2.15,2.25,2.25,3.8,1.3,78484,174066.65,208.0,2.22,EQ
04-05-2021,2.25,2.25,2.15,2.25,2.25,3.8,1.3,26481,59064.7,89.0,2.23,EQ
05-05-2021,2.2,2.25,2.15,2.2,2.25,3.8,1.3,27510,60653.0,91.0,2.2,EQ
06-05-2021,2.25,2.3,2.2,2.25,2.25,3.8,1.3,64453,144819.65,124.0,2.25,EQ
07-05-2021,2.3,2.3,2.2,2.3,2.3,3.8,1.3,68165,156335.55,133.0,2.29,EQ
10-05-2021,2.35,2.5,2.3,2.5,2.5,3.8,1.3,214866,522498.65,284.0,2.43,EQ
11-05-2021,2.5,2.75,2.5,2.75,2.75,3.8,1.3,167351,446786.6,307.0,2.67,EQ
12-05-2021,3.0,3.0,3.0,3.0,3.0,3.8,1.3,122138,366414.0,160.0,3.0,EQ
14-05-2021,3.15,3.15,3.15,3.15,3.15,3.8,1.3,212104,668127.6,266.0,3.15,EQ
17-05-2021,3.3,3.3,3.3,3.3,3.3,3.8,1.4,20304,67003.2,65.0,3.3,EQ
18-05-2021,3.45,3.45,3.45,3.45,3.45,3.8,1.4,69229,238840.05,49.0,3.45,EQ
19-05-2021,3.6,3.6,3.3,3.3,3.3,3.8,1.4,532101,1804655.95,502.0,3.39,EQ
20-05-2021,3.15,3.25,3.15,3.15,3.15,3.7,2.5,107658,339355.45,120.0,3.15,BE
21-05-2021,3.15,3.15,3.0,3.0,3.0,3.7,2.5,46017,138419.4,130.0,3.01,BE
24-05-2021,3.0,3.05,2.85,2.85,2.85,3.7,2.55,93680,267784.1,163.0,2.86,BE
25-05-2021,2.85,2.9,2.75,2.75,2.75,3.7,2.55,83930,231626.35,141.0,2.76,BE
26-05-2021,2.75,2.75,2.65,2.65,2.65,3.7,2.55,245092,650008.1,219.0,2.65,BE
27-05-2021,2.65,2.65,2.55,2.55,2.55,3.7,2.55,149343,381037.25,160.0,2.55,BE
28-05-2021,2.45,2.65,2.45,2.45,2.45,3.7,2.45,423069,1063434.9,347.0,2.51,BE
31-05-2021,2.35,2.45,2.35,2.35,2.35,3.7,2.35,171614,407282.5,224.0,2.37,BE
01-06-2021,2.35,2.35,2.25,2.25,2.25,3.7,2.25,299778,675463.2,273.0,2.25,BE
02-06-2021,2.3,2.35,2.15,2.15,2.25,3.7,2.15,1218367,2675770.25,675.0,2.2,BE
03-06-2021,2.25,2.25,2.05,2.15,2.15,3.7,2.05,1843408,3818921.65,642.0,2.07,BE
04-06-2021,2.15,2.2,2.05,2.15,2.15,3.7,2.05,1164019,2423576.55,455.0,2.08,BE
07-06-2021,2.2,2.25,2.1,2.25,2.25,3.7,2.05,256560,569958.25,246.0,2.22,BE
08-06-2021,2.35,2.35,2.35,2.35,2.35,3.7,2.05,119159,280023.65,147.0,2.35,BE
09-06-2021,2.45,2.45,2.3,2.4,2.45,3.7,2.05,531235,1299464.5,1792.0,2.45,BE
10-06-2021,2.45,2.5,2.4,2.5,2.5,3.7,2.05,536912,1339854.2,714.0,2.5,BE
11-06-2021,2.6,2.6,2.45,2.55,2.55,3.7,2.05,839617,2133649.4,763.0,2.54,BE
14-06-2021,2.65,2.65,2.45,2.65,2.6,3.7,2.05,1145123,2956031.85,1017.0,2.58,BE
15-06-2021,2.7,2.75,2.55,2.75,2.75,3.7,2.05,700038,1912685.35,701.0,2.73,BE
16-06-2021,2.85,2.85,2.7,2.85,2.85,3.7,2.05,642165,1812338.0,739.0,2.82,BE
17-06-2021,2.95,2.95,2.8,2.9,2.95,3.7,2.05,705059,2047847.6,855.0,2.9,BE
18-06-2021,3.0,3.0,2.8,2.95,2.95,3.7,2.05,804971,2339819.35,1057.0,2.91,BE
21-06-2021,3.0,3.0,2.85,2.85,2.85,3.7,2.05,607597,1751982.4,776.0,2.88,BE
22-06-2021,2.85,2.85,2.75,2.75,2.75,3.7,2.05,446861,1232186.9,577.0,2.76,BE
23-06-2021,2.65,2.7,2.65,2.65,2.65,3.7,2.05,420123,1113409.15,449.0,2.65,BE
24-06-2021,2.55,2.6,2.55,2.55,2.55,3.7,2.05,73840,188293.0,244.0,2.55,BE
25-06-2021,2.45,2.65,2.45,2.65,2.65,3.7,2.05,557360,1393724.55,620.0,2.5,BE
28-06-2021,2.75,2.75,2.7,2.75,2.75,3.7,2.05,925188,2542923.2,1225.0,2.75,BE
29-06-2021,2.8,2.85,2.65,2.65,2.65,3.7,2.05,1035867,2887918.9,1060.0,2.79,BE
30-06-2021,2.6,2.75,2.6,2.75,2.75,3.7,2.05,1481567,4061751.3,641.0,2.74,BE
01-07-2021,2.8,2.8,2.65,2.75,2.8,3.7,2.05,857181,2312694.2,692.0,2.7,BE
02-07-2021,2.7,2.8,2.65,2.7,2.7,3.7,2.05,449150,1224225.75,567.0,2.73,BE
05-07-2021,2.8,2.8,2.65,2.7,2.75,3.7,2.05,694198,1894132.4,791.0,2.73,BE
06-07-2021,2.75,2.8,2.6,2.7,2.75,3.7,2.05,1086496,2853547.9,845.0,2.63,BE
07-07-2021,2.75,2.75,2.6,2.6,2.65,3.7,2.05,397249,1043068.3,471.0,2.63,BE
08-07-2021,2.6,2.65,2.55,2.6,2.6,3.7,2.05,289654,755660.7,373.0,2.61,BE
09-07-2021,2.6,2.65,2.5,2.6,2.65,3.7,2.05,291180,761491.4,388.0,2.62,BE
12-07-2021,2.65,2.65,2.5,2.5,2.5,3.7,2.05,963543,2447257.65,704.0,2.54,BE
13-07-2021,2.55,2.6,2.4,2.6,2.6,3.7,2.05,987179,2434124.0,837.0,2.47,BE
14-07-2021,2.5,2.6,2.5,2.5,2.5,3.7,2.05,392205,986781.2,332.0,2.52,BE
15-07-2021,2.4,2.55,2.4,2.5,2.5,3.7,2.05,371595,917838.45,420.0,2.47,BE
16-07-2021,2.55,2.55,2.4,2.5,2.5,3.7,2.05,487670,1186214.65,509.0,2.43,BE
19-07-2021,2.55,2.55,2.4,2.4,2.4,3.7,2.05,864222,2119957.0,1128.0,2.45,BE
20-07-2021,2.4,2.4,2.3,2.3,2.3,3.8,1.6,529186,1222807.9,755.0,2.31,EQ
22-07-2021,2.25,2.4,2.2,2.4,2.4,3.8,1.75,1353675,3222221.5,1269.0,2.38,EQ
23-07-2021,2.5,2.5,2.45,2.5,2.5,3.8,1.9,2208956,5493309.75,1220.0,2.49,EQ
26-07-2021,2.5,2.6,2.5,2.6,2.6,3.8,1.9,1583489,4075689.05,1196.0,2.57,EQ
27-07-2021,2.65,2.7,2.5,2.7,2.7,3.8,1.9,2578457,6837572.55,1241.0,2.65,EQ
28-07-2021,2.75,2.8,2.65,2.7,2.75,3.8,1.9,1605267,4354773.15,950.0,2.71,EQ
29-07-2021,2.75,2.8,2.7,2.8,2.8,3.8,1.9,2086322,5813948.3,1103.0,2.79,EQ
30-07-2021,2.9,2.9,2.8,2.8,2.85,3.8,1.9,1982671,5621496.85,1060.0,2.84,EQ
02-08-2021,2.85,2.9,2.7,2.7,2.7,3.8,1.9,1838093,5015790.5,955.0,2.73,EQ
03-08-2021,2.65,2.7,2.6,2.6,2.6,3.8,1.9,632522,1657394.05,361.0,2.62,EQ
04-08-2021,2.5,2.7,2.5,2.7,2.7,3.8,1.9,1613891,4202831.45,818.0,2.6,EQ
05-08-2021,2.75,2.75,2.6,2.6,2.6,3.8,1.9,1266877,3308173.0,1083.0,2.61,EQ
06-08-2021,2.45,2.65,2.45,2.55,2.6,3.8,1.9,319240,827333.45,468.0,2.59,EQ
09-08-2021,2.55,2.8,2.45,2.8,2.8,3.8,1.9,1285939,3492373.55,808.0,2.72,EQ
10-08-2021,2.85,2.9,2.7,2.85,2.85,3.8,1.9,1906163,5376290.15,1160.0,2.82,EQ
11-08-2021,2.8,2.85,2.65,2.8,2.8,3.8,1.9,1188470,3254623.65,811.0,2.74,EQ
12-08-2021,2.8,3.05,2.7,3.05,3.05,3.8,1.9,1702946,5081464.8,943.0,2.98,EQ
13-08-2021,3.3,3.35,3.0,3.1,3.1,3.8,1.9,2216627,7027042.15,1409.0,3.17,EQ
16-08-2021,3.2,3.25,3.05,3.25,3.25,3.8,1.9,1420114,4512570.25,918.0,3.18,EQ
17-08-2021,3.25,3.25,3.0,3.1,3.15,3.8,1.9,570038,1777206.6,566.0,3.12,EQ
18-08-2021,3.2,3.3,3.0,3.15,3.15,3.8,1.9,887928,2797877.85,759.0,3.15,EQ
20-08-2021,3.05,3.1,2.85,2.85,2.85,3.8,1.9,1052135,3032336.0,904.0,2.88,EQ
23-08-2021,2.8,3.1,2.8,3.1,3.1,3.8,1.9,1479282,4539121.45,962.0,3.07,EQ
24-08-2021,2.95,3.05,2.85,2.95,2.9,3.8,1.9,415785,1227228.6,492.0,2.95,EQ
25-08-2021,2.95,3.1,2.8,2.85,2.9,3.8,1.9,785986,2278949.5,456.0,2.9,EQ
26-08-2021,2.85,3.1,2.75,3.1,3.1,3.8,1.9,1777397,5401095.45,720.0,3.04,EQ
27-08-2021,3.2,3.2,3.0,3.1,3.1,3.8,1.9,248069,759070.25,331.0,3.06,EQ
30-08-2021,3.1,3.15,2.9,3.05,3.05,3.8,1.9,796379,2411092.65,544.0,3.03,EQ
31-08-2021,3.05,3.15,2.75,2.75,2.75,3.8,1.9,1650944,4619041.55,928.0,2.8,EQ
01-09-2021,2.75,2.8,2.5,2.5,2.5,3.8,1.9,2070992,5288778.55,1107.0,2.55,EQ
02-09-2021,2.5,2.6,2.4,2.5,2.5,3.8,1.9,1482177,3673818.85,1079.0,2.48,EQ
03-09-2021,2.5,2.55,2.35,2.4,2.4,3.8,1.9,1822900,4413891.15,1221.0,2.42,EQ
06-09-2021,2.4,2.5,2.35,2.4,2.4,3.8,1.9,1073102,2598589.35,674.0,2.42,EQ
07-09-2021,2.4,2.4,2.3,2.35,2.4,3.8,1.9,478884,1131151.1,477.0,2.36,EQ
08-09-2021,2.4,2.45,2.25,2.35,2.35,3.8,1.9,1590557,3726987.1,579.0,2.34,EQ
09-09-2021,2.35,2.35,2.25,2.25,2.25,3.8,1.9,1912785,4321409.05,903.0,2.26,EQ
13-09-2021,2.25,2.3,2.2,2.2,2.25,3.8,1.9,1336506,3002110.55,708.0,2.25,EQ
14-09-2021,2.25,2.3,2.2,2.25,2.25,3.8,1.9,1150817,2604296.25,515.0,2.26,EQ
15-09-2021,2.3,2.3,2.15,2.2,2.3,3.8,1.9,1647599,3656577.6,770.0,2.22,EQ
16-09-2021,2.2,2.3,2.2,2.3,2.3,3.8,1.9,711411,1623265.45,388.0,2.28,EQ
17-09-2021,2.35,2.4,2.2,2.3,2.35,3.8,1.9,1297666,3040509.05,666.0,2.34,EQ
20-09-2021,2.3,2.35,2.25,2.25,2.25,3.8,1.9,432327,992844.0,428.0,2.3,EQ
21-09-2021,2.3,2.3,2.2,2.2,2.25,3.8,1.9,445978,992199.7,296.0,2.22,EQ
22-09-2021,2.25,2.3,2.2,2.3,2.3,3.8,1.9,557877,1264197.9,368.0,2.27,EQ
23-09-2021,2.3,2.35,2.2,2.3,2.3,3.8,1.9,934181,2135324.1,583.0,2.29,EQ
24-09-2021,2.35,2.35,2.25,2.25,2.3,3.8,1.9,229011,524266.35,243.0,2.29,EQ
27-09-2021,2.3,2.3,2.25,2.3,2.3,3.6,1.9,101100,229604.75,168.0,2.27,EQ
28-09-2021,2.3,2.3,2.2,2.25,2.25,3.6,1.9,658577,1482838.9,341.0,2.25,EQ
29-09-2021,2.25,2.3,2.2,2.25,2.3,3.6,1.9,457884,1033185.0,404.0,2.26,EQ
30-09-2021,2.3,2.3,2.25,2.25,2.25,3.6,1.9,309840,701488.65,537.0,2.26,EQ
01-10-2021,2.25,2.3,2.2,2.25,2.25,3.6,1.9,312351,699976.55,253.0,2.24,EQ
04-10-2021,2.25,2.3,2.2,2.3,2.25,3.6,1.9,268359,602889.1,355.0,2.25,EQ
05-10-2021,2.3,2.3,2.25,2.3,2.3,3.6,1.9,255115,579072.55,287.0,2.27,EQ
06-10-2021,2.25,2.3,2.25,2.25,2.25,3.6,1.9,462991,1047221.2,485.0,2.26,EQ
07-10-2021,2.3,2.35,2.2,2.3,2.35,3.6,1.9,600178,1372118.7,438.0,2.29,EQ
08-10-2021,2.35,2.45,2.3,2.35,2.4,3.6,1.9,1325206,3118528.2,602.0,2.35,EQ
11-10-2021,2.4,2.55,2.35,2.5,2.5,3.6,1.9,933394,2282255.9,676.0,2.45,EQ
12-10-2021,2.55,2.6,2.35,2.4,2.4,3.6,1.9,1015542,2493825.3,880.0,2.46,EQ
13-10-2021,2.45,2.5,2.35,2.4,2.4,3.6,1.9,573261,1382863.8,929.0,2.41,EQ
14-10-2021,2.4,2.45,2.35,2.35,2.35,3.6,1.9,610876,1459639.5,399.0,2.39,EQ
18-10-2021,2.35,2.4,2.35,2.35,2.4,3.6,1.9,212529,504764.35,447.0,2.38,EQ
19-10-2021,2.4,2.4,2.3,2.3,2.3,3.6,1.9,321214,751462.15,668.0,2.34,EQ
20-10-2021,2.3,2.5,2.25,2.4,2.4,3.6,1.9,1109492,2673401.35,626.0,2.41,EQ
21-10-2021,2.45,2.45,2.35,2.35,2.35,3.6,1.9,250505,597154.05,275.0,2.38,EQ
22-10-2021,2.35,2.4,2.2,2.35,2.35,3.6,1.9,522893,1204839.8,309.0,2.3,EQ
25-10-2021,2.35,2.35,2.25,2.25,2.25,3.6,1.9,176319,404337.7,330.0,2.29,EQ
26-10-2021,2.3,2.35,2.25,2.3,2.35,3.6,1.9,315383,723478.1,410.0,2.29,EQ
27-10-2021,2.3,2.35,2.2,2.25,2.2,3.6,1.9,646730,1464097.65,556.0,2.26,EQ
28-10-2021,2.2,2.25,2.2,2.2,2.2,3.6,1.9,257434,571307.6,542.0,2.22,EQ
29-10-2021,2.15,2.3,2.1,2.25,2.3,3.6,1.9,549601,1203425.05,505.0,2.19,EQ
01-11-2021,2.25,2.3,2.2,2.25,2.25,3.6,1.9,193351,431509.35,378.0,2.23,EQ
02-11-2021,2.3,2.3,2.25,2.25,2.25,3.6,1.9,87271,197836.8,215.0,2.27,EQ
03-11-2021,2.25,2.3,2.2,2.25,2.25,3.6,1.9,152824,344131.65,188.0,2.25,EQ
04-11-2021,2.3,2.35,2.25,2.35,2.3,3.6,1.9,117917,273976.3,186.0,2.32,EQ
08-11-2021,2.35,2.35,2.25,2.25,2.3,3.6,1.9,162018,368549.75,519.0,2.27,EQ
09-11-2021,2.3,2.3,2.25,2.25,2.3,3.6,1.9,239317,546697.75,805.0,2.28,EQ
10-11-2021,2.25,2.3,2.25,2.25,2.25,3.6,1.9,183718,417377.95,262.0,2.27,EQ
11-11-2021,2.3,2.3,2.2,2.25,2.25,3.6,1.9,279259,624218.0,262.0,2.24,EQ
12-11-2021,2.25,2.3,2.2,2.25,2.3,3.6,1.9,223387,502324.5,433.0,2.25,EQ
15-11-2021,2.3,2.3,2.2,2.25,2.25,3.6,1.9,901925,2022163.25,1458.0,2.24,EQ
16-11-2021,2.25,2.4,2.2,2.2,2.2,3.6,1.9,590820,1347171.15,455.0,2.28,EQ
17-11-2021,2.25,2.35,2.2,2.3,2.3,3.6,1.9,561817,1281242.9,615.0,2.28,EQ
18-11-2021,2.3,2.3,2.2,2.25,2.25,3.6,1.9,264043,599174.15,412.0,2.27,EQ
22-11-2021,2.25,2.3,2.2,2.3,2.3,3.6,1.9,578526,1305732.35,841.0,2.26,EQ
23-11-2021,2.3,2.3,2.2,2.25,2.25,3.6,1.9,229756,522837.7,791.0,2.28,EQ
24-11-2021,2.3,2.35,2.25,2.3,2.3,3.6,1.9,483552,1113724.1,615.0,2.3,EQ
25-11-2021,2.3,2.4,2.25,2.35,2.35,3.6,1.9,526226,1231123.65,627.0,2.34,EQ
26-11-2021,2.4,2.4,2.2,2.25,2.25,3.6,1.9,648311,1500814.95,867.0,2.31,EQ
29-11-2021,2.3,2.3,2.15,2.2,2.2,3.6,1.9,423318,938585.5,579.0,2.22,EQ
30-11-2021,2.25,2.3,2.2,2.25,2.25,3.6,1.9,329661,740458.0,688.0,2.25,EQ
01-12-2021,2.25,2.3,2.15,2.2,2.25,3.6,1.9,744446,1652251.6,743.0,2.22,EQ
02-12-2021,2.2,2.25,2.15,2.2,2.15,3.6,1.9,479352,1055682.9,569.0,2.2,EQ
03-12-2021,2.2,2.3,2.15,2.15,2.2,3.6,1.9,964574,2123791.25,781.0,2.2,EQ
06-12-2021,2.25,2.3,2.2,2.25,2.25,3.6,1.9,896769,2021285.9,892.0,2.25,EQ
07-12-2021,2.3,2.3,2.2,2.25,2.25,3.6,1.9,710025,1593363.45,1280.0,2.24,EQ
08-12-2021,2.25,2.25,2.15,2.2,2.2,3.6,1.9,1593886,3512016.95,1528.0,2.2,EQ
09-12-2021,2.2,2.3,2.15,2.25,2.3,3.6,1.9,778736,1742577.1,1063.0,2.24,EQ
10-12-2021,2.3,2.35,2.25,2.35,2.35,3.6,1.9,953969,2207153.75,1096.0,2.31,EQ
13-12-2021,2.4,2.8,2.35,2.8,2.8,3.6,1.9,5140630,13969536.25,2306.0,2.72,EQ
14-12-2021,2.9,3.35,2.8,3.35,3.35,3.6,1.9,5010554,16285214.6,2457.0,3.25,EQ
15-12-2021,3.65,3.65,3.65,3.65,3.65,3.65,1.9,1073459,3918125.35,675.0,3.65,EQ
16-12-2021,4.0,4.0,3.7,4.0,4.0,4.0,1.9,9762386,38845476.55,4653.0,3.98,EQ
17-12-2021,4.4,4.4,4.25,4.4,4.4,4.4,1.9,1165706,5127146.0,705.0,4.4,EQ
20-12-2021,4.6,4.6,4.2,4.2,4.2,4.6,1.9,8851168,38672416.05,6879.0,4.37,EQ
21-12-2021,4.0,4.15,4.0,4.0,4.0,4.6,1.9,1275922,5123205.7,1771.0,4.02,EQ
22-12-2021,3.8,4.2,3.8,4.2,4.2,4.6,1.9,5382279,21408103.5,2542.0,3.98,EQ
23-12-2021,4.4,4.4,4.3,4.4,4.4,4.6,1.9,792058,3484653.4,531.0,4.4,EQ
24-12-2021,4.6,4.6,4.2,4.6,4.6,4.6,1.9,4850369,21474978.7,3054.0,4.43,EQ
27-12-2021,4.8,4.8,4.7,4.8,4.8,4.8,1.9,2859981,13716360.75,1072.0,4.8,EQ
28-12-2021,5.0,5.0,5.0,5.0,5.0,5.0,1.9,138723,693615.0,139.0,5.0,EQ
29-12-2021,5.25,5.25,5.25,5.25,5.25,5.25,1.9,192878,1012609.5,153.0,5.25,EQ
30-12-2021,5.5,5.5,5.5,5.5,5.5,5.5,1.9,95151,523330.5,147.0,5.5,EQ
31-12-2021,5.75,5.75,5.75,5.75,5.75,5.75,1.9,120271,691558.25,123.0,5.75,EQ
03-01-2022,6.0,6.0,6.0,6.0,6.0,6.0,1.9,152082,912492.0,145.0,6.0,EQ
04-01-2022,6.3,6.3,5.7,6.3,6.3,6.3,2.05,3300335,19528519.65,4061.0,5.92,BE
05-01-2022,6.6,6.6,6.3,6.6,6.6,6.6,2.05,1215800,7854937.9,1662.0,6.46,BE
06-01-2022,6.9,6.9,6.9,6.9,6.9,6.9,2.05,261765,1806178.5,225.0,6.9,BE
07-01-2022,7.2,7.2,7.2,7.2,7.2,7.2,2.05,323757,2331050.4,265.0,7.2,BE
10-01-2022,7.55,7.55,7.55,7.55,7.55,7.55,2.05,317646,2398227.3,340.0,7.55,BE
11-01-2022,7.9,7.9,7.9,7.9,7.9,7.9,2.05,182656,1442982.4,347.0,7.9,BE
12-01-2022,8.25,8.25,7.55,7.65,7.7,8.25,2.05,4406154,34677872.75,8881.0,7.87,BE
13-01-2022,7.3,7.3,7.3,7.3,7.3,8.25,2.05,376144,2745851.2,1139.0,7.3,BE
14-01-2022,6.95,6.95,6.95,6.95,6.95,8.25,2.05,965429,6709731.55,2451.0,6.95,BE
17-01-2022,6.65,7.25,6.65,7.25,7.25,8.25,2.05,1672828,11724261.55,2347.0,7.01,BE
18-01-2022,7.4,7.6,6.9,6.9,6.9,8.25,2.05,1846267,13159049.95,3720.0,7.13,BE
19-01-2022,6.6,6.8,6.6,6.6,6.6,8.25,2.05,322150,2127149.55,989.0,6.6,BE
20-01-2022,6.3,6.3,6.3,6.3,6.3,8.25,2.05,191308,1205240.4,651.0,6.3,BE
21-01-2022,6.0,6.0,6.0,6.0,6.0,8.25,2.05,215136,1290816.0,696.0,6.0,BE
24-01-2022,5.7,5.7,5.7,5.7,5.7,8.25,2.05,136030,775371.0,590.0,5.7,BE
25-01-2022,5.45,5.45,5.45,5.45,5.45,8.25,2.05,167311,911844.95,538.0,5.45,BE
27-01-2022,5.2,5.2,5.2,5.2,5.2,8.25,2.05,112194,583408.8,415.0,5.2,BE
28-01-2022,4.95,4.95,4.95,4.95,4.95,8.25,2.05,256906,1271684.7,826.0,4.95,BE
31-01-2022,4.75,4.75,4.75,4.75,4.75,8.25,2.05,234630,1114492.5,834.0,4.75,BE
01-02-2022,4.55,4.55,4.55,4.55,4.55,8.25,2.05,125263,569946.65,542.0,4.55,BE
02-02-2022,4.35,4.75,4.35,4.75,4.75,8.25,2.05,1789158,8234938.25,1810.0,4.6,BE
03-02-2022,4.95,4.95,4.8,4.95,4.95,8.25,2.1,781736,3868136.25,769.0,4.95,BE
04-02-2022,5.15,5.15,5.15,5.15,5.15,8.25,2.3,172437,888050.55,242.0,5.15,BE
07-02-2022,5.4,5.4,4.9,5.4,5.4,8.25,2.3,1498301,7788473.85,2209.0,5.2,BE
08-02-2022,5.6,5.65,5.4,5.65,5.65,8.25,2.4,1054906,5888456.9,1531.0,5.58,BE
09-02-2022,5.9,5.9,5.4,5.4,5.4,8.25,2.4,727211,4127667.05,1400.0,5.68,BE
10-02-2022,5.15,5.15,5.15,5.15,5.15,8.25,2.4,98397,506744.55,399.0,5.15,BE
11-02-2022,4.9,4.9,4.9,4.9,4.9,8.25,2.4,251336,1231546.4,646.0,4.9,BE
14-02-2022,4.7,4.7,4.7,4.7,4.7,8.25,2.4,93862,441151.4,382.0,4.7,BE
15-02-2022,4.5,4.9,4.5,4.6,4.8,8.25,2.4,666750,3024170.7,1025.0,4.54,BE
16-02-2022,4.6,4.8,4.4,4.4,4.4,8.25,2.4,755002,3383837.65,1274.0,4.48,BE
17-02-2022,4.4,4.4,4.2,4.2,4.2,8.25,2.4,238663,1003518.0,488.0,4.2,BE
18-02-2022,4.0,4.4,4.0,4.4,4.4,8.25,2.4,551930,2279777.85,733.0,4.13,BE
21-02-2022,4.55,4.6,4.2,4.2,4.2,8.25,2.4,534315,2279984.25,947.0,4.27,BE
22-02-2022,4.0,4.0,4.0,4.0,4.0,8.25,2.4,166266,665064.0,449.0,4.0,BE
23-02-2022,3.85,4.2,3.8,4.2,4.2,8.25,2.4,427617,1737448.2,854.0,4.06,BE
24-02-2022,4.0,4.2,4.0,4.0,4.0,8.25,2.4,368138,1481496.65,1396.0,4.02,BE
25-02-2022,4.0,4.2,4.0,4.2,4.2,8.25,2.4,420716,1738872.7,1078.0,4.13,BE
28-02-2022,4.2,4.35,4.0,4.3,4.35,8.25,2.4,376016,1568147.95,837.0,4.17,BE
02-03-2022,4.3,4.45,4.1,4.3,4.3,8.25,2.4,252246,1085984.95,761.0,4.31,BE
03-03-2022,4.3,4.35,4.2,4.25,4.25,8.25,2.4,291646,1245671.25,609.0,4.27,BE
04-03-2022,4.25,4.25,4.05,4.05,4.05,8.25,2.4,465539,1896708.3,810.0,4.07,BE
07-03-2022,3.85,4.1,3.85,4.0,4.05,8.25,2.4,320946,1275071.05,701.0,3.97,BE
08-03-2022,4.1,4.15,3.95,4.1,4.15,8.25,2.4,229323,936599.5,523.0,4.08,BE
09-03-2022,4.15,4.2,4.05,4.2,4.2,8.25,2.4,202541,842146.65,545.0,4.16,BE
10-03-2022,4.2,4.4,4.15,4.4,4.4,8.25,2.4,540232,2334135.4,726.0,4.32,BE
11-03-2022,4.4,4.6,4.3,4.5,4.55,8.25,2.4,652351,2908702.6,746.0,4.46,BE
14-03-2022,4.55,4.6,4.35,4.4,4.45,8.25,2.4,448577,2007904.6,698.0,4.48,BE
15-03-2022,4.5,4.5,4.2,4.2,4.2,8.25,2.4,499017,2136544.15,752.0,4.28,BE
16-03-2022,4.3,4.3,4.0,4.15,4.2,8.25,2.4,340915,1398305.75,708.0,4.1,BE
17-03-2022,4.15,4.3,4.0,4.1,4.15,8.25,2.4,250228,1028549.4,540.0,4.11,BE
21-03-2022,4.1,4.15,3.95,4.05,4.1,8.25,2.4,204255,824749.3,622.0,4.04,BE
22-03-2022,3.95,4.25,3.9,4.05,4.2,8.25,2.4,483638,1967719.9,640.0,4.07,BE
23-03-2022,4.2,4.2,4.0,4.05,4.0,8.25,2.4,163893,664235.6,391.0,4.05,BE
24-03-2022,4.15,4.15,3.9,3.95,3.95,8.25,2.4,227287,902089.15,579.0,3.97,BE
25-03-2022,3.95,4.0,3.8,3.85,3.9,8.25,2.4,287054,1114029.85,595.0,3.88,BE
28-03-2022,3.8,3.9,3.7,3.75,3.8,8.25,2.4,297814,1117379.45,538.0,3.75,BE
29-03-2022,3.6,3.8,3.6,3.6,3.6,6.0,1.9,422519,1529119.9,732.0,3.62,EQ
30-03-2022,3.65,3.65,3.45,3.45,3.45,6.0,1.9,496087,1741672.95,684.0,3.51,EQ
31-03-2022,3.5,3.6,3.45,3.5,3.55,6.0,1.9,276268,961884.75,555.0,3.48,EQ
01-04-2022,3.6,3.65,3.45,3.65,3.65,6.0,1.9,117359,421542.4,222.0,3.59,EQ
04-04-2022,3.8,3.8,3.8,3.8,3.8,6.0,1.9,79825,303335.0,95.0,3.8,EQ
05-04-2022,3.95,3.95,3.95,3.95,3.95,6.0,1.9,99446,392811.7,105.0,3.95,EQ
06-04-2022,4.1,4.1,3.9,4.1,4.1,6.0,1.9,638813,2607139.05,714.0,4.08,EQ
07-04-2022,4.4,4.5,4.15,4.5,4.5,6.0,1.9,715051,3176314.65,967.0,4.44,EQ
08-04-2022,4.8,4.95,4.6,4.95,4.95,6.0,1.9,830521,4072097.45,1101.0,4.9,EQ
11-04-2022,5.2,5.4,5.15,5.4,5.4,6.0,1.9,505293,2675822.4,866.0,5.3,EQ
12-04-2022,5.6,5.65,5.15,5.65,5.65,6.0,1.9,3641433,19827545.95,2989.0,5.44,EQ
13-04-2022,5.65,5.8,5.4,5.4,5.4,6.0,1.9,1332339,7428732.7,1732.0,5.58,EQ
18-04-2022,5.15,5.2,5.15,5.15,5.15,6.0,1.9,268091,1381491.0,454.0,5.15,EQ
19-04-2022,4.9,5.05,4.9,4.9,4.9,6.0,2.1,1072445,5273809.25,862.0,4.92,EQ
20-04-2022,4.85,4.85,4.7,4.7,4.7,6.0,2.1,403332,1900242.6,469.0,4.71,EQ
21-04-2022,4.6,4.9,4.5,4.8,4.8,6.0,2.1,860385,4039022.05,1177.0,4.69,EQ
22-04-2022,4.75,4.95,4.65,4.7,4.75,6.0,2.1,814939,3941452.2,926.0,4.84,EQ
25-04-2022,4.7,4.75,4.5,4.5,4.5,6.0,2.1,649885,3008243.6,682.0,4.63,EQ
26-04-2022,4.5,4.7,4.45,4.7,4.7,6.0,2.1,610781,2869570.25,274.0,4.7,EQ
27-04-2022,4.75,4.9,4.6,4.9,4.9,6.0,2.1,849948,4062135.2,514.0,4.78,EQ
28-04-2022,5.1,5.1,5.05,5.1,5.1,6.0,2.1,369738,1885483.8,352.0,5.1,EQ
29-04-2022,5.35,5.35,4.95,5.0,5.05,6.0,2.1,1046071,5390614.65,1231.0,5.15,EQ
02-05-2022,5.0,5.15,4.75,4.75,4.75,6.0,2.1,650155,3199961.15,996.0,4.92,EQ
04-05-2022,4.65,4.75,4.55,4.55,4.55,6.0,2.1,532845,2452402.45,840.0,4.6,EQ
05-05-2022,4.55,4.75,4.55,4.75,4.75,6.0,2.1,396360,1870404.45,510.0,4.72,EQ
06-05-2022,4.7,4.75,4.55,4.55,4.55,6.0,2.1,462331,2125399.35,564.0,4.6,EQ
09-05-2022,4.45,4.5,4.35,4.35,4.35,6.0,2.1,420246,1833488.55,398.0,4.36,EQ
10-05-2022,4.2,4.4,4.15,4.15,4.15,6.0,2.1,532231,2254769.75,638.0,4.24,EQ
11-05-2022,4.0,4.15,3.95,3.95,3.95,6.0,2.1,465708,1865578.35,541.0,4.01,EQ
12-05-2022,3.8,4.0,3.8,3.8,3.85,6.0,2.1,723584,2766914.9,693.0,3.82,EQ
13-05-2022,3.95,3.95,3.8,3.9,3.95,6.0,2.1,910221,3589770.5,749.0,3.94,EQ
16-05-2022,4.0,4.05,3.75,3.8,3.75,6.0,2.1,694601,2669462.7,639.0,3.84,EQ
17-05-2022,3.85,3.9,3.75,3.8,3.8,6.0,2.1,323015,1238416.2,599.0,3.83,EQ
18-05-2022,3.9,3.9,3.75,3.85,3.9,6.0,2.1,286249,1097326.7,506.0,3.83,EQ
19-05-2022,3.75,3.8,3.7,3.7,3.75,6.0,2.1,323949,1208446.0,455.0,3.73,EQ
20-05-2022,3.8,3.85,3.65,3.7,3.65,6.0,2.1,335096,1261993.65,549.0,3.77,EQ
23-05-2022,3.6,3.75,3.55,3.55,3.55,6.0,2.1,498918,1786211.05,703.0,3.58,EQ
24-05-2022,3.45,3.55,3.4,3.45,3.45,6.0,2.1,238011,819207.8,364.0,3.44,EQ
25-05-2022,3.45,3.6,3.3,3.3,3.3,6.0,2.1,586616,1973324.95,539.0,3.36,EQ
26-05-2022,3.2,3.4,3.15,3.2,3.35,6.0,2.1,247314,786138.45,429.0,3.18,EQ
27-05-2022,3.3,3.35,3.15,3.2,3.25,6.0,2.1,214782,694854.8,445.0,3.24,EQ
30-05-2022,3.3,3.35,3.2,3.35,3.35,6.0,2.1,134681,449227.7,246.0,3.34,EQ
31-05-2022,3.45,3.5,3.4,3.5,3.5,6.0,2.1,333614,1165822.15,452.0,3.49,EQ
01-06-2022,3.6,3.65,3.5,3.65,3.65,6.0,2.1,382222,1390535.2,451.0,3.64,EQ
02-06-2022,3.7,3.8,3.65,3.8,3.8,6.0,2.1,502901,1895498.1,460.0,3.77,EQ
03-06-2022,3.9,3.95,3.9,3.95,3.95,6.0,2.1,131276,517812.2,148.0,3.94,EQ
06-06-2022,4.1,4.1,3.8,3.8,3.8,6.0,2.1,560435,2235094.75,755.0,3.99,EQ
07-06-2022,3.7,3.75,3.65,3.65,3.65,6.0,2.1,181567,664815.4,222.0,3.66,EQ
08-06-2022,3.55,3.65,3.5,3.55,3.55,6.0,2.1,687592,2428514.4,552.0,3.53,EQ
09-06-2022,3.55,3.65,3.45,3.6,3.6,6.0,2.1,181929,649533.4,294.0,3.57,EQ
10-06-2022,3.55,3.6,3.45,3.45,3.45,6.0,2.1,522885,1813850.8,373.0,3.47,EQ
13-06-2022,3.45,3.5,3.3,3.35,3.35,6.0,2.1,234839,792161.0,414.0,3.37,EQ
14-06-2022,3.35,3.35,3.2,3.2,3.2,6.0,2.1,710646,2297078.6,509.0,3.23,EQ
15-06-2022,3.35,3.35,3.1,3.2,3.25,6.0,2.1,181541,587683.45,338.0,3.24,EQ
16-06-2022,3.25,3.3,3.05,3.2,3.25,6.0,2.1,390708,1240431.0,422.0,3.17,EQ
17-06-2022,3.25,3.25,3.05,3.1,3.1,6.0,2.1,629931,1938088.7,566.0,3.08,EQ
20-06-2022,3.2,3.2,2.95,2.95,2.95,6.0,2.1,342033,1025606.35,407.0,3.0,EQ
21-06-2022,2.9,3.05,2.85,2.9,2.9,6.0,2.1,483696,1431427.9,480.0,2.96,EQ
22-06-2022,2.9,3.0,2.8,3.0,3.0,6.0,2.1,397797,1156296.65,339.0,2.91,EQ
23-06-2022,2.95,3.15,2.95,3.15,3.15,6.0,2.1,672862,2089442.75,905.0,3.11,EQ
24-06-2022,3.2,3.3,3.2,3.3,3.3,6.0,2.1,284980,933478.65,491.0,3.28,EQ
27-06-2022,3.45,3.45,3.2,3.4,3.4,6.0,2.1,428177,1425291.7,357.0,3.33,EQ
28-06-2022,3.3,3.45,3.25,3.3,3.45,6.0,2.1,266834,878876.9,242.0,3.29,EQ
29-06-2022,3.3,3.4,3.2,3.4,3.35,6.0,2.1,303670,1020232.45,278.0,3.36,EQ
30-06-2022,3.4,3.45,3.35,3.35,3.35,6.0,2.1,70009,235880.8,173.0,3.37,EQ
01-07-2022,3.35,3.35,3.2,3.2,3.25,6.0,2.1,83280,272116.95,184.0,3.27,EQ
04-07-2022,3.2,3.3,3.1,3.15,3.2,6.0,2.1,46803,148899.85,210.0,3.18,EQ
05-07-2022,3.25,3.25,3.1,3.15,3.15,6.0,2.1,99799,311789.55,187.0,3.12,EQ
06-07-2022,3.25,3.25,3.1,3.1,3.1,6.0,2.1,64663,202520.4,182.0,3.13,EQ
07-07-2022,3.05,3.2,3.05,3.1,3.15,6.0,2.1,163889,514176.45,216.0,3.14,EQ
08-07-2022,3.1,3.15,3.05,3.1,3.1,6.0,2.1,68159,212295.5,198.0,3.11,EQ
11-07-2022,3.1,3.1,3.0,3.05,3.0,6.0,2.1,94438,287392.05,240.0,3.04,EQ
12-07-2022,3.1,3.2,3.05,3.2,3.2,6.0,2.1,424123,1352609.55,175.0,3.19,EQ
13-07-2022,3.2,3.35,3.1,3.15,3.15,6.0,2.1,104999,340680.1,272.0,3.24,EQ
14-07-2022,3.2,3.2,3.1,3.15,3.1,6.0,2.1,103641,324127.6,178.0,3.13,EQ
15-07-2022,3.1,3.3,3.05,3.25,3.3,6.0,2.1,340821,1096452.35,323.0,3.22,EQ
18-07-2022,3.2,3.4,3.2,3.25,3.25,6.0,2.1,221587,730381.9,319.0,3.3,EQ
19-07-2022,3.25,3.3,3.15,3.25,3.25,6.0,2.1,277025,892174.75,243.0,3.22,EQ
20-07-2022,3.25,3.3,3.15,3.15,3.15,6.0,2.1,181369,577942.35,353.0,3.19,EQ
21-07-2022,3.25,3.25,3.1,3.2,3.2,6.0,2.1,186863,589689.05,273.0,3.16,EQ
22-07-2022,3.25,3.3,3.15,3.2,3.25,6.0,2.1,78796,252967.45,211.0,3.21,EQ
25-07-2022,3.3,3.3,3.1,3.1,3.1,6.0,2.1,119905,375520.9,274.0,3.13,EQ
26-07-2022,3.05,3.2,2.95,3.0,3.0,6.0,2.1,194989,594043.9,321.0,3.05,EQ
27-07-2022,3.0,3.1,3.0,3.05,3.1,6.0,2.1,116390,356021.65,274.0,3.06,EQ
28-07-2022,3.15,3.15,2.95,3.0,3.05,6.0,2.1,158808,482265.6,294.0,3.04,EQ
29-07-2022,3.0,3.1,3.0,3.05,3.1,6.0,2.1,131306,399434.1,264.0,3.04,EQ
01-08-2022,3.1,3.1,3.0,3.05,3.1,6.0,2.1,68883,211537.05,221.0,3.07,EQ
02-08-2022,3.15,3.15,3.05,3.1,3.1,6.0,2.1,316677,973807.4,295.0,3.08,EQ
03-08-2022,3.15,3.15,3.0,3.05,3.1,6.0,2.1,123806,377706.65,237.0,3.05,EQ
04-08-2022,3.2,3.2,3.0,3.05,3.0,6.0,2.1,95903,294580.0,227.0,3.07,EQ
05-08-2022,3.0,3.3,3.0,3.15,3.2,6.0,2.1,515458,1636085.6,379.0,3.17,EQ
08-08-2022,3.25,3.35,3.15,3.3,3.25,6.0,2.1,408907,1333499.3,435.0,3.26,EQ
10-08-2022,3.3,3.4,3.25,3.3,3.35,6.0,2.1,229358,766816.0,324.0,3.34,EQ
11-08-2022,3.5,3.5,3.25,3.4,3.4,6.0,2.1,150684,504174.95,330.0,3.35,EQ
12-08-2022,3.45,3.45,3.15,3.3,3.15,6.0,2.1,544777,1809858.8,435.0,3.32,EQ
16-08-2022,3.25,3.3,3.15,3.2,3.2,6.0,2.1,276433,882657.0,338.0,3.19,EQ
17-08-2022,3.1,3.25,3.0,3.05,3.05,6.0,2.1,528025,1629353.55,432.0,3.09,EQ
18-08-2022,3.1,3.2,2.95,3.0,3.05,6.0,2.1,907714,2758022.85,660.0,3.04,EQ
19-08-2022,3.1,3.1,2.95,3.0,2.95,6.0,2.1,330300,994616.35,406.0,3.01,EQ
22-08-2022,3.1,3.1,2.95,2.95,2.95,6.0,2.1,196357,587618.8,339.0,2.99,EQ
23-08-2022,3.0,3.05,2.9,3.0,3.05,6.0,2.1,129295,383539.1,284.0,2.97,EQ
24-08-2022,3.05,3.05,2.9,3.0,3.0,6.0,2.1,176069,523290.35,310.0,2.97,EQ
25-08-2022,2.95,3.0,2.85,2.9,2.9,6.0,2.1,568931,1663689.6,530.0,2.92,EQ
26-08-2022,2.9,3.0,2.85,2.85,2.9,6.0,2.1,342158,991921.05,341.0,2.9,EQ
29-08-2022,2.9,2.95,2.85,2.85,2.9,6.0,2.1,193609,558756.75,305.0,2.89,EQ
30-08-2022,2.9,2.95,2.85,2.85,2.85,6.0,2.1,395662,1146701.95,335.0,2.9,EQ
01-09-2022,2.9,2.9,2.8,2.8,2.85,6.0,2.1,411709,1174749.6,407.0,2.85,EQ
02-09-2022,2.85,2.9,2.8,2.8,2.85,6.0,2.1,294405,836427.0,368.0,2.84,EQ
05-09-2022,2.9,3.0,2.8,2.95,2.95,6.0,2.1,508146,1476057.1,517.0,2.9,EQ
06-09-2022,3.0,3.05,2.95,3.0,3.0,6.0,2.1,499617,1496798.1,433.0,3.0,EQ
07-09-2022,3.05,3.05,2.95,3.0,3.0,6.0,2.1,322698,961507.15,317.0,2.98,EQ
08-09-2022,3.0,3.05,2.95,2.95,2.95,6.0,2.1,356522,1062900.45,334.0,2.98,EQ
09-09-2022,3.0,3.05,2.9,2.95,2.95,6.0,2.1,516824,1535392.75,405.0,2.97,EQ
12-09-2022,2.95,3.0,2.8,2.85,2.9,6.0,2.1,957346,2763528.6,644.0,2.89,EQ
13-09-2022,2.9,2.95,2.85,2.9,2.85,6.0,2.1,641516,1874090.4,395.0,2.92,EQ
14-09-2022,2.85,2.95,2.8,2.85,2.8,6.0,2.1,565994,1618305.25,366.0,2.86,EQ
15-09-2022,2.9,2.95,2.8,2.85,2.85,6.0,2.1,452199,1287635.1,350.0,2.85,EQ
16-09-2022,2.85,2.85,2.75,2.8,2.8,6.0,2.1,305095,859557.7,406.0,2.82,EQ
19-09-2022,2.85,2.9,2.8,2.85,2.85,6.0,2.1,215000,613019.4,332.0,2.85,EQ
20-09-2022,2.85,2.85,2.8,2.8,2.85,6.0,2.1,250570,704180.55,284.0,2.81,EQ
21-09-2022,2.8,3.0,2.75,2.95,3.0,6.0,2.1,766955,2233049.7,450.0,2.91,EQ
22-09-2022,3.0,3.05,2.9,2.9,2.95,6.0,2.1,745325,2180934.9,349.0,2.93,EQ
23-09-2022,2.95,2.95,2.8,2.8,2.8,6.0,2.1,449860,1274641.05,311.0,2.83,EQ
26-09-2022,2.8,2.9,2.8,2.8,2.8,6.0,2.1,183943,522074.45,327.0,2.84,EQ
27-09-2022,2.9,2.9,2.75,2.75,2.8,6.0,2.1,239763,669160.85,247.0,2.79,EQ
28-09-2022,2.75,2.95,2.7,2.8,2.8,6.0,2.1,502862,1409606.4,343.0,2.8,EQ
29-09-2022,2.8,2.95,2.75,2.85,2.9,6.0,2.1,259006,731989.75,268.0,2.83,EQ
30-09-2022,2.85,2.9,2.75,2.85,2.85,6.0,2.1,279753,785680.6,307.0,2.81,EQ
03-10-2022,2.85,3.0,2.85,2.9,2.9,6.0,2.1,162647,471575.55,288.0,2.9,EQ
04-10-2022,2.9,2.95,2.85,2.85,2.85,6.0,2.1,227798,657006.0,219.0,2.88,EQ
06-10-2022,2.9,2.95,2.8,2.85,2.9,6.0,2.1,185635,531648.6,195.0,2.86,EQ
07-10-2022,2.9,2.9,2.8,2.9,2.9,6.0,2.1,166499,476934.6,177.0,2.86,EQ
10-10-2022,2.9,2.95,2.55,2.85,2.9,6.0,2.1,484199,1383596.45,358.0,2.86,EQ
11-10-2022,2.9,2.9,2.8,2.8,2.8,6.0,2.1,122761,347794.7,159.0,2.83,EQ
12-10-2022,2.85,2.85,2.8,2.8,2.85,6.0,2.1,82283,231786.3,160.0,2.82,EQ
13-10-2022,2.85,2.9,2.7,2.75,2.7,6.0,2.1,321010,900223.4,305.0,2.8,EQ
14-10-2022,2.8,2.85,2.7,2.8,2.85,6.0,2.1,168548,470465.2,239.0,2.79,EQ
17-10-2022,2.85,2.9,2.75,2.75,2.8,6.0,2.1,535035,1514047.65,252.0,2.83,EQ
18-10-2022,2.85,2.85,2.75,2.8,2.8,6.0,2.1,87295,243273.7,185.0,2.79,EQ
19-10-2022,2.85,2.95,2.65,2.7,2.75,6.0,2.1,1566617,4389012.35,546.0,2.8,EQ
20-10-2022,2.75,2.75,2.65,2.7,2.7,6.0,2.1,334359,906603.75,219.0,2.71,EQ
21-10-2022,2.7,2.75,2.6,2.65,2.65,6.0,2.1,315261,839614.3,288.0,2.66,EQ
24-10-2022,2.75,2.75,2.6,2.65,2.65,6.0,2.1,313832,825715.1,193.0,2.63,EQ
25-10-2022,2.7,2.7,2.55,2.6,2.65,6.0,2.1,399680,1045458.85,291.0,2.62,EQ
27-10-2022,2.6,2.65,2.55,2.6,2.6,6.0,2.1,495161,1283496.75,380.0,2.59,EQ
28-10-2022,2.55,2.65,2.5,2.55,2.6,6.0,2.1,589628,1506822.35,370.0,2.56,EQ
31-10-2022,2.5,2.65,2.5,2.55,2.55,6.0,2.15,384222,987386.5,297.0,2.57,EQ
01-11-2022,2.55,2.6,2.55,2.6,2.55,6.0,2.15,192759,498780.95,258.0,2.59,EQ
02-11-2022,2.6,2.6,2.55,2.6,2.6,6.0,2.15,191334,489954.35,228.0,2.56,EQ
03-11-2022,2.55,2.6,2.5,2.55,2.55,6.0,2.15,1126632,2866619.25,508.0,2.54,EQ
04-11-2022,2.6,2.6,2.45,2.5,2.5,6.0,2.15,615902,1549392.25,311.0,2.52,EQ
07-11-2022,2.55,2.65,2.5,2.65,2.65,6.0,2.15,810093,2112691.1,453.0,2.61,EQ
09-11-2022,2.65,2.75,2.6,2.75,2.75,6.0,2.15,657687,1772209.65,470.0,2.69,EQ
10-11-2022,2.75,2.95,2.7,2.7,2.7,6.0,2.15,308282,852289.3,344.0,2.76,EQ
11-11-2022,2.75,2.9,2.7,2.7,2.7,6.0,2.15,285166,793458.25,258.0,2.78,EQ
14-11-2022,2.8,2.8,2.7,2.75,2.7,6.0,2.15,178301,490686.55,268.0,2.75,EQ
15-11-2022,2.75,2.75,2.7,2.7,2.75,6.0,2.15,115323,314579.05,200.0,2.73,EQ
16-11-2022,2.7,2.85,2.7,2.75,2.8,6.0,2.15,289123,802473.15,305.0,2.78,EQ
17-11-2022,2.75,2.8,2.7,2.8,2.75,6.0,2.15,109193,301182.9,179.0,2.76,EQ
18-11-2022,2.8,2.8,2.75,2.75,2.8,6.0,2.15,176656,488388.95,160.0,2.76,EQ
21-11-2022,2.75,2.75,2.6,2.75,2.75,6.0,2.15,276716,750244.4,244.0,2.71,EQ
22-11-2022,2.75,2.9,2.65,2.8,2.8,6.0,2.15,469142,1296810.2,249.0,2.76,EQ
23-11-2022,2.8,2.85,2.65,2.7,2.7,6.0,2.15,344848,944566.3,285.0,2.74,EQ
24-11-2022,2.75,2.75,2.65,2.7,2.7,6.0,2.15,406315,1098057.95,295.0,2.7,EQ
25-11-2022,2.75,2.75,2.65,2.7,2.7,6.0,2.15,297010,798306.3,400.0,2.69,EQ
28-11-2022,2.65,2.8,2.6,2.65,2.65,6.0,2.15,519294,1388880.5,318.0,2.67,EQ
29-11-2022,2.65,2.75,2.6,2.65,2.65,6.0,2.15,418065,1108910.5,234.0,2.65,EQ
30-11-2022,2.65,2.7,2.6,2.6,2.65,6.0,2.15,298032,785973.15,270.0,2.64,EQ
01-12-2022,2.65,2.7,2.55,2.6,2.65,6.0,2.15,702179,1826370.35,386.0,2.6,EQ
02-12-2022,2.6,2.7,2.55,2.65,2.7,6.0,2.15,578952,1509823.3,629.0,2.61,EQ
05-12-2022,2.7,2.8,2.65,2.75,2.75,6.0,2.15,751787,2044527.15,453.0,2.72,EQ
06-12-2022,2.75,2.85,2.65,2.8,2.8,6.0,2.15,1580565,4320577.75,962.0,2.73,EQ
07-12-2022,2.75,3.15,2.75,3.05,3.0,6.0,2.15,1974694,5855715.45,1185.0,2.97,EQ
08-12-2022,3.15,3.15,3.0,3.1,3.1,6.0,2.15,1147146,3546006.9,836.0,3.09,EQ
09-12-2022,3.25,3.35,3.1,3.2,3.2,6.0,2.15,922468,2943775.35,638.0,3.19,EQ
12-12-2022,3.25,3.5,2.95,3.45,3.5,6.0,2.35,1665634,5575027.05,1054.0,3.35,EQ
13-12-2022,3.6,3.8,3.5,3.75,3.8,6.0,2.35,2517236,9248281.45,1823.0,3.67,EQ
14-12-2022,3.9,4.0,3.55,3.55,3.55,6.0,2.35,1686843,6217250.4,1199.0,3.69,EQ
15-12-2022,3.35,3.5,3.3,3.4,3.4,6.0,2.35,707769,2409092.5,512.0,3.4,EQ
16-12-2022,3.6,4.0,3.35,3.5,3.6,6.0,2.35,1097938,3928445.5,783.0,3.58,EQ
19-12-2022,3.8,3.8,3.45,3.55,3.5,6.0,2.45,1561594,5522966.4,599.0,3.54,EQ
20-12-2022,3.65,3.7,3.5,3.5,3.5,6.0,2.45,1623646,5758749.6,851.0,3.55,EQ
21-12-2022,3.6,4.2,3.55,3.85,3.9,6.0,2.45,5424032,21665151.9,2536.0,3.99,EQ
22-12-2022,4.15,4.2,3.75,4.1,4.2,6.0,2.45,2726710,10924979.6,1478.0,4.01,EQ
23-12-2022,3.7,3.9,3.5,3.75,3.8,6.0,2.45,1677707,6249694.3,1579.0,3.73,EQ
26-12-2022,3.75,3.8,3.45,3.75,3.75,6.0,2.45,1113643,4141910.45,693.0,3.72,EQ
27-12-2022,3.75,3.75,3.6,3.6,3.6,6.0,2.45,212219,766919.0,226.0,3.61,EQ
28-12-2022,3.45,3.45,3.45,3.45,3.45,6.0,2.45,90009,310531.05,189.0,3.45,EQ
29-12-2022,3.3,3.6,3.3,3.6,3.6,8.25,2.4,422252,1467150.6,479.0,3.47,BE
30-12-2022,3.45,3.75,3.45,3.45,3.45,8.25,2.4,673305,2380359.5,565.0,3.54,BE
02-01-2023,3.35,3.45,3.3,3.3,3.3,8.25,2.4,319153,1064334.4,383.0,3.33,BE
03-01-2023,3.2,3.3,3.15,3.15,3.15,8.25,2.4,150667,478007.9,321.0,3.17,BE
04-01-2023,3.0,3.1,3.0,3.0,3.0,8.25,2.4,533362,1601897.45,458.0,3.0,BE
05-01-2023,3.0,3.15,2.95,3.15,3.15,8.25,2.4,831464,2589644.3,654.0,3.11,BE
06-01-2023,3.25,3.3,3.15,3.2,3.2,8.25,2.4,857997,2793961.1,846.0,3.26,BE
09-01-2023,3.35,3.35,3.2,3.25,3.25,8.25,2.4,696604,2297213.7,515.0,3.3,BE
10-01-2023,3.4,3.4,3.15,3.2,3.25,8.25,2.4,683464,2267009.35,887.0,3.32,BE
11-01-2023,3.2,3.3,3.05,3.2,3.2,8.25,2.4,437657,1378519.4,423.0,3.15,BE
12-01-2023,3.25,3.3,3.05,3.25,3.2,8.25,2.95,579259,1831721.8,427.0,3.16,BE
13-01-2023,3.3,3.4,3.2,3.4,3.4,8.25,2.95,745741,2515206.9,362.0,3.37,BE
16-01-2023,3.55,3.55,3.5,3.55,3.55,8.25,2.95,1150401,4083839.8,396.0,3.55,BE
17-01-2023,3.65,3.7,3.65,3.7,3.7,8.25,2.95,580235,2146118.95,357.0,3.7,BE
18-01-2023,3.85,3.85,3.85,3.85,3.85,8.25,2.95,619552,2385275.2,347.0,3.85,BE
19-01-2023,3.95,3.95,3.65,3.65,3.65,8.25,2.95,747359,2747201.2,470.0,3.68,BE
20-01-2023,3.6,3.6,3.5,3.5,3.5,8.25,2.95,819924,2883463.05,710.0,3.52,BE
23-01-2023,3.5,3.65,3.35,3.45,3.5,7.6,2.95,820668,2881296.9,482.0,3.51,BE
24-01-2023,3.5,3.55,3.3,3.4,3.45,7.6,2.95,243355,835525.6,286.0,3.43,BE
25-01-2023,3.45,3.55,3.25,3.3,3.5,7.6,2.95,727696,2458819.4,533.0,3.38,BE
27-01-2023,3.4,3.45,3.15,3.2,3.2,7.6,2.95,259304,851796.9,284.0,3.28,BE
30-01-2023,3.05,3.25,3.05,3.2,3.15,6.8,2.95,297390,937777.1,333.0,3.15,BE
31-01-2023,3.25,3.25,3.1,3.2,3.2,6.3,2.95,102728,324018.3,204.0,3.15,BE
01-02-2023,3.25,3.25,3.05,3.1,3.1,6.0,2.95,340815,1080740.3,301.0,3.17,BE
02-02-2023,3.1,3.15,3.0,3.1,3.1,5.9,2.95,180401,551256.15,237.0,3.06,BE
03-02-2023,3.15,3.2,2.95,3.0,3.1,5.9,2.95,411865,1239948.7,279.0,3.01,BE
06-02-2023,3.05,3.15,2.9,3.0,3.05,5.9,2.9,137593,413392.9,219.0,3.0,BE
07-02-2023,3.05,3.05,2.9,2.9,3.0,5.9,2.9,199975,586095.5,268.0,2.93,BE
08-02-2023,2.9,3.0,2.85,3.0,3.0,5.9,2.85,230035,674670.35,231.0,2.93,BE
09-02-2023,3.0,3.1,2.95,3.0,3.0,5.9,2.85,269525,808452.75,226.0,3.0,BE
10-02-2023,3.05,3.05,2.95,2.95,3.05,5.9,2.85,155700,463892.2,185.0,2.98,BE
13-02-2023,2.8,2.8,2.8,2.8,2.8,5.9,2.8,428732,1200449.6,275.0,2.8,BE
14-02-2023,2.7,2.75,2.7,2.7,2.75,5.9,2.7,397750,1075271.55,290.0,2.7,BE
15-02-2023,2.75,2.75,2.6,2.7,2.75,5.9,2.6,170904,456387.15,193.0,2.67,BE
16-02-2023,2.75,2.8,2.6,2.6,2.6,5.9,2.6,313811,842229.0,311.0,2.68,BE
17-02-2023,2.6,2.6,2.5,2.5,2.5,5.9,2.5,580452,1464879.35,375.0,2.52,BE
20-02-2023,2.55,2.6,2.45,2.6,2.6,5.15,2.45,211525,534570.5,253.0,2.53,BE
21-02-2023,2.65,2.65,2.5,2.55,2.65,4.9,2.45,457453,1163910.8,363.0,2.54,BE
22-02-2023,2.6,2.65,2.5,2.65,2.65,4.9,2.45,177141,462122.6,175.0,2.61,BE
23-02-2023,2.75,2.75,2.65,2.75,2.75,4.9,2.45,440343,1194764.9,306.0,2.71,BE
24-02-2023,2.7,2.85,2.7,2.7,2.75,4.8,2.45,616816,1702431.6,220.0,2.76,BE
27-02-2023,2.75,2.8,2.6,2.65,2.7,4.6,2.45,247796,659836.95,257.0,2.66,BE
28-02-2023,2.7,2.75,2.7,2.7,2.75,6.0,2.45,318996,873782.25,216.0,2.74,EQ
01-03-2023,2.75,2.75,2.65,2.7,2.75,5.8,2.45,158304,425618.4,203.0,2.69,EQ
02-03-2023,2.65,2.75,2.6,2.7,2.7,5.8,2.45,326815,872412.0,259.0,2.67,EQ
03-03-2023,2.7,2.75,2.65,2.7,2.7,5.8,2.45,386031,1034016.95,223.0,2.68,EQ
06-03-2023,2.7,2.75,2.65,2.65,2.65,5.8,2.45,365655,975597.35,186.0,2.67,EQ
08-03-2023,2.7,2.75,2.65,2.75,2.75,5.8,2.45,795509,2145197.2,502.0,2.7,EQ
09-03-2023,2.8,2.85,2.75,2.8,2.8,5.8,2.45,722442,2033537.15,214.0,2.81,EQ
10-03-2023,2.8,2.8,2.7,2.7,2.7,5.8,2.45,448288,1215298.2,189.0,2.71,EQ
13-03-2023,2.6,2.75,2.6,2.6,2.6,5.8,2.45,706854,1855297.35,313.0,2.62,EQ
14-03-2023,2.6,2.65,2.5,2.6,2.6,5.8,2.45,227678,588189.8,240.0,2.58,EQ
15-03-2023,2.65,2.65,2.55,2.6,2.6,5.8,2.45,192703,494162.4,165.0,2.56,EQ
16-03-2023,2.65,2.65,2.55,2.55,2.55,5.8,2.45,200928,517314.8,191.0,2.57,EQ
17-03-2023,2.6,2.65,2.5,2.6,2.65,5.8,2.45,534874,1402749.2,259.0,2.62,EQ
20-03-2023,2.6,2.65,2.5,2.55,2.5,5.8,2.45,238244,606552.3,189.0,2.55,EQ
21-03-2023,2.55,2.65,2.45,2.65,2.65,5.8,2.45,892867,2339591.15,249.0,2.62,EQ
22-03-2023,2.65,2.75,2.55,2.75,2.75,5.8,2.45,762987,2049605.85,321.0,2.69,EQ
23-03-2023,2.8,2.85,2.65,2.65,2.65,5.8,2.45,237282,635762.85,138.0,2.68,EQ
24-03-2023,2.6,2.65,2.55,2.55,2.65,5.8,2.45,332551,855917.6,239.0,2.57,EQ
27-03-2023,2.65,2.65,2.55,2.6,2.6,5.8,2.45,601891,1564032.7,292.0,2.6,EQ
28-03-2023,2.55,2.65,2.5,2.5,2.55,5.8,2.45,298745,757583.8,188.0,2.54,EQ
29-03-2023,2.55,2.55,2.45,2.45,2.45,5.8,2.45,258652,643251.8,242.0,2.49,EQ
31-03-2023,2.5,2.55,2.4,2.45,2.45,5.8,2.4,1424554,3506365.65,273.0,2.46,EQ
03-04-2023,2.45,2.5,2.4,2.4,2.45,5.35,2.4,424075,1040315.45,241.0,2.45,EQ
05-04-2023,2.45,2.5,2.45,2.5,2.5,5.35,2.4,86773,216906.55,36.0,2.5,EQ
06-04-2023,2.55,2.6,2.45,2.5,2.5,5.35,2.4,700700,1780844.2,293.0,2.54,EQ
10-04-2023,2.45,2.55,2.45,2.45,2.5,5.35,2.4,169564,418920.05,148.0,2.47,EQ
11-04-2023,2.5,2.6,2.4,2.45,2.5,5.35,2.4,389349,978058.25,197.0,2.51,EQ
12-04-2023,2.5,2.5,2.45,2.45,2.5,5.35,2.4,78595,195374.95,96.0,2.49,EQ
13-04-2023,2.5,2.65,2.4,2.65,2.65,5.35,2.4,738042,1900011.7,309.0,2.57,EQ
17-04-2023,2.6,2.65,2.5,2.6,2.55,5.35,2.4,287350,746288.65,234.0,2.6,EQ
18-04-2023,2.65,2.65,2.5,2.55,2.6,5.35,2.4,89131,227785.95,120.0,2.56,EQ
19-04-2023,2.55,2.65,2.5,2.55,2.55,5.35,2.4,72167,185240.2,128.0,2.57,EQ
20-04-2023,2.6,2.8,2.5,2.75,2.8,5.35,2.4,1308137,3537400.45,339.0,2.7,EQ
21-04-2023,2.75,3.0,2.7,2.9,2.95,5.35,2.4,565311,1599119.75,275.0,2.83,EQ
24-04-2023,3.0,3.0,2.65,2.65,2.65,5.35,2.4,4884183,13520814.2,805.0,2.77,EQ
25-04-2023,2.75,2.9,2.55,2.6,2.55,5.35,2.4,2493536,6659652.1,948.0,2.67,EQ
26-04-2023,2.65,2.8,2.55,2.65,2.65,5.35,2.4,827705,2207789.85,275.0,2.67,EQ
27-04-2023,2.7,2.75,2.45,2.5,2.55,5.35,2.4,933141,2412583.45,363.0,2.59,EQ
28-04-2023,2.5,2.75,2.5,2.7,2.75,5.35,2.4,886687,2384672.9,1058.0,2.69,EQ
02-05-2023,2.8,2.9,2.65,2.7,2.7,5.15,2.4,724811,1977672.5,386.0,2.73,EQ
03-05-2023,2.7,2.75,2.6,2.65,2.65,5.15,2.4,368285,980645.1,240.0,2.66,EQ
04-05-2023,2.65,2.7,2.55,2.6,2.6,5.15,2.4,449315,1171666.05,196.0,2.61,EQ
05-05-2023,2.65,2.65,2.55,2.6,2.6,5.15,2.4,287099,754435.1,165.0,2.63,EQ
08-05-2023,2.55,2.75,2.55,2.65,2.65,4.5,2.4,518033,1384937.1,253.0,2.67,EQ
09-05-2023,2.7,2.7,2.6,2.65,2.6,4.5,2.4,276850,734348.45,146.0,2.65,EQ
10-05-2023,2.6,2.9,2.55,2.6,2.9,4.5,2.4,3334610,8763373.05,667.0,2.63,EQ
11-05-2023,2.8,2.85,2.75,2.85,2.85,4.5,2.4,900227,2548222.6,368.0,2.83,EQ
12-05-2023,2.85,3.0,2.85,2.9,2.9,4.5,2.4,885975,2604236.45,385.0,2.94,EQ
15-05-2023,2.95,2.95,2.75,2.9,2.95,4.2,2.4,1872102,5416506.7,500.0,2.89,EQ
16-05-2023,2.95,2.95,2.8,2.85,2.8,4.2,2.4,557035,1586777.65,220.0,2.85,EQ
17-05-2023,2.8,2.95,2.75,2.85,2.95,4.2,2.4,577576,1634741.5,226.0,2.83,EQ
18-05-2023,2.9,3.1,2.85,3.1,3.1,4.2,2.4,6712755,20622482.75,1157.0,3.07,EQ
19-05-2023,3.25,3.25,2.8,3.0,2.95,4.2,2.4,2437410,7272572.5,680.0,2.98,EQ
22-05-2023,2.9,3.0,2.8,2.85,2.85,4.2,2.4,1024545,2939034.1,368.0,2.87,EQ
23-05-2023,2.8,2.9,2.65,2.85,2.9,4.2,2.4,3319283,8973399.65,376.0,2.7,EQ
24-05-2023,2.85,3.1,2.65,3.0,3.0,4.2,2.4,3323826,9749952.4,844.0,2.93,EQ
25-05-2023,3.05,3.05,2.85,2.95,2.95,4.2,2.4,483377,1419958.55,232.0,2.94,EQ
26-05-2023,2.95,3.0,2.9,2.95,2.95,4.2,2.4,155947,461544.5,137.0,2.96,EQ
29-05-2023,2.95,3.1,2.85,3.0,3.0,4.2,2.4,1297881,3839455.85,368.0,2.96,EQ
30-05-2023,3.1,3.1,2.95,3.0,3.0,4.2,2.4,149216,444849.2,163.0,2.98,EQ
31-05-2023,3.0,3.2,2.95,3.1,3.05,4.2,2.4,1000350,3077153.95,462.0,3.08,EQ
01-06-2023,3.2,3.2,2.95,3.0,3.05,4.2,2.4,1077994,3265895.65,442.0,3.03,EQ
02-06-2023,3.0,3.3,2.95,3.25,3.3,4.2,2.4,8492810,27718246.4,1021.0,3.26,EQ
05-06-2023,3.4,3.55,3.15,3.15,3.2,4.2,2.4,2744596,8956994.7,1133.0,3.26,EQ
06-06-2023,3.2,3.4,2.85,2.85,2.85,4.2,2.4,12066214,36298396.7,1370.0,3.01,EQ
07-06-2023,2.75,2.8,2.5,2.75,2.75,4.2,2.4,9902938,26051146.15,1842.0,2.63,EQ
08-06-2023,2.8,2.95,2.7,2.7,2.75,4.2,2.4,1773494,4971577.2,657.0,2.8,EQ
09-06-2023,2.8,2.8,2.7,2.75,2.75,4.2,2.4,1342569,3676381.55,444.0,2.74,EQ
12-06-2023,2.8,2.8,2.65,2.7,2.75,4.2,2.4,829862,2253071.85,414.0,2.71,EQ
13-06-2023,2.75,2.85,2.7,2.75,2.8,4.2,2.4,1534479,4260169.7,425.0,2.78,EQ
14-06-2023,2.8,2.85,2.7,2.75,2.75,4.2,2.4,1031090,2863519.35,332.0,2.78,EQ
15-06-2023,2.8,2.8,2.7,2.75,2.8,4.2,2.4,534528,1467493.05,226.0,2.75,EQ
16-06-2023,2.8,2.8,2.7,2.8,2.8,4.2,2.4,500484,1378228.85,221.0,2.75,EQ
19-06-2023,2.8,2.85,2.75,2.8,2.8,4.2,2.4,818218,2297175.7,347.0,2.81,EQ
20-06-2023,2.75,3.25,2.7,3.0,3.0,4.2,2.4,3342401,9839311.4,728.0,2.94,EQ
21-06-2023,3.0,3.05,2.85,3.0,3.0,4.2,2.4,1338703,3941182.55,601.0,2.94,EQ
22-06-2023,3.0,3.0,2.85,2.9,2.9,4.2,2.4,549524,1605555.8,297.0,2.92,EQ
23-06-2023,2.95,2.95,2.8,2.85,2.85,4.2,2.4,362880,1036063.5,270.0,2.86,EQ
26-06-2023,2.85,2.85,2.75,2.85,2.8,4.2,2.4,238557,670233.0,190.0,2.81,EQ
27-06-2023,2.8,3.1,2.75,3.0,3.0,4.2,2.4,1373965,4097920.1,486.0,2.98,EQ
28-06-2023,3.0,3.05,2.9,2.95,2.95,4.2,2.4,349715,1028392.15,218.0,2.94,EQ
30-06-2023,3.0,3.05,2.9,2.95,2.95,4.2,2.4,789017,2346164.55,322.0,2.97,EQ
03-07-2023,2.95,3.35,2.85,3.1,3.1,4.2,2.4,1768910,5358532.55,606.0,3.03,EQ
04-07-2023,3.0,3.6,3.0,3.4,3.35,4.2,2.4,2870228,9578227.3,1122.0,3.34,EQ
05-07-2023,3.5,3.55,3.2,3.3,3.25,4.2,2.4,1540800,5220221.6,733.0,3.39,EQ
06-07-2023,3.25,3.9,3.25,3.75,3.85,4.2,2.4,3491091,12449158.25,1267.0,3.57,EQ
07-07-2023,3.9,4.2,3.2,3.25,3.25,4.2,2.4,10318580,36767282.8,3666.0,3.56,EQ
10-07-2023,3.3,3.4,3.2,3.2,3.2,4.2,2.4,1130189,3705856.85,706.0,3.28,EQ
11-07-2023,3.2,3.35,3.1,3.15,3.15,4.2,2.4,2627635,8440836.65,673.0,3.21,EQ
12-07-2023,3.2,3.25,3.1,3.15,3.15,4.2,2.4,759843,2403963.5,332.0,3.16,EQ
13-07-2023,3.2,3.2,3.1,3.15,3.15,4.2,2.4,500976,1573720.8,207.0,3.14,EQ
14-07-2023,3.2,3.3,3.0,3.05,3.1,4.2,2.4,1761355,5532316.25,396.0,3.14,EQ
17-07-2023,3.05,3.1,2.95,3.05,3.05,4.2,2.4,857204,2587516.6,299.0,3.02,EQ
18-07-2023,3.05,3.05,3.0,3.0,3.0,4.2,2.4,630451,1908045.1,238.0,3.03,EQ
19-07-2023,3.0,3.05,2.95,3.0,3.0,4.2,2.4,537694,1610592.0,182.0,3.0,EQ
20-07-2023,3.0,3.6,3.0,3.6,3.6,4.2,2.4,6415188,22199155.25,1002.0,3.46,EQ
21-07-2023,3.5,4.2,3.15,3.4,3.25,4.2,2.4,20741006,73288160.35,5260.0,3.53,EQ
24-07-2023,3.3,3.5,3.0,3.1,3.1,4.2,2.4,11021901,34507109.45,2723.0,3.13,EQ
25-07-2023,3.15,3.2,2.95,3.0,3.0,4.2,2.4,4039090,12455775.95,1575.0,3.08,EQ
26-07-2023,3.1,3.55,3.05,3.4,3.35,4.2,2.4,6986857,23209541.7,2823.0,3.32,EQ
27-07-2023,3.6,3.6,2.95,3.0,3.05,4.2,2.4,15432814,47536002.6,3869.0,3.08,EQ
28-07-2023,3.1,3.15,3.0,3.05,3.1,4.2,2.4,2736271,8429839.2,1177.0,3.08,EQ
31-07-2023,3.15,3.2,3.05,3.15,3.1,4.2,2.4,2582028,8095783.0,847.0,3.14,EQ
01-08-2023,3.15,3.15,2.75,2.85,2.9,4.2,2.4,17793673,51673790.35,3768.0,2.9,EQ
02-08-2023,2.9,2.95,2.85,2.95,2.9,4.2,2.4,1976460,5735614.75,929.0,2.9,EQ
03-08-2023,2.95,3.05,2.85,2.95,2.95,4.2,2.4,1874636,5546811.5,719.0,2.96,EQ
04-08-2023,2.95,3.0,2.75,2.8,2.8,4.2,2.4,5467344,15452938.5,1215.0,2.83,EQ
07-08-2023,2.85,3.0,2.75,2.85,2.85,4.2,2.4,11840604,33829231.15,2887.0,2.86,EQ
08-08-2023,2.85,2.95,2.75,2.8,2.85,4.2,2.4,5183003,14800471.45,1347.0,2.86,EQ
09-08-2023,2.85,2.9,2.8,2.9,2.9,4.2,2.4,1239122,3554608.05,544.0,2.87,EQ
10-08-2023,2.9,2.95,2.75,2.8,2.85,4.2,2.4,6972478,19775508.0,1187.0,2.84,EQ
11-08-2023,2.8,2.85,2.75,2.8,2.8,4.2,2.4,2473242,6956758.0,682.0,2.81,EQ
14-08-2023,2.85,2.85,2.75,2.75,2.75,4.2,2.4,1513230,4195317.2,400.0,2.77,EQ
16-08-2023,2.8,2.85,2.75,2.8,2.85,4.2,2.4,1437604,4031491.3,384.0,2.8,EQ
17-08-2023,2.8,2.85,2.75,2.8,2.8,4.2,2.4,730556,2053215.6,268.0,2.81,EQ
18-08-2023,2.85,2.85,2.75,2.8,2.8,4.2,2.4,776482,2186400.1,244.0,2.82,EQ
21-08-2023,2.85,2.85,2.75,2.8,2.8,4.2,2.4,602407,1685516.55,262.0,2.8,EQ
22-08-2023,2.85,2.85,2.75,2.8,2.8,4.2,2.4,984355,2771374.2,271.0,2.82,EQ
23-08-2023,2.8,2.85,2.8,2.8,2.8,4.2,2.4,901639,2545367.3,275.0,2.82,EQ
24-08-2023,2.85,2.85,2.75,2.8,2.8,4.2,2.4,748432,2092851.75,243.0,2.8,EQ
25-08-2023,2.8,2.8,2.75,2.75,2.75,4.2,2.4,915588,2531783.35,262.0,2.77,EQ
28-08-2023,2.8,2.8,2.7,2.7,2.75,4.2,2.4,1878304,5161171.45,367.0,2.75,EQ
29-08-2023,2.7,2.75,2.7,2.7,2.7,4.2,2.4,704448,1915199.55,300.0,2.72,EQ
30-08-2023,2.75,2.75,2.7,2.7,2.75,4.2,2.4,703918,1908175.5,271.0,2.71,EQ
31-08-2023,2.75,2.75,2.6,2.6,2.65,4.2,2.4,1776471,4760981.65,500.0,2.68,EQ
01-09-2023,2.65,2.85,2.6,2.8,2.8,4.2,2.4,3486260,9658501.3,781.0,2.77,EQ
04-09-2023,2.85,2.95,2.8,2.9,2.95,4.2,2.4,1945397,5645673.4,637.0,2.9,EQ
05-09-2023,2.95,3.0,2.9,2.9,2.9,4.2,2.4,1430484,4205910.3,477.0,2.94,EQ
06-09-2023,2.95,2.95,2.75,2.75,2.8,4.2,2.4,2470265,6987310.25,496.0,2.83,EQ
07-09-2023,2.8,2.85,2.8,2.85,2.8,4.2,2.4,954767,2700035.3,387.0,2.83,EQ
08-09-2023,2.85,2.9,2.8,2.9,2.9,4.2,2.4,1180841,3408440.45,448.0,2.89,EQ
11-09-2023,2.9,2.95,2.85,2.85,2.85,4.2,2.4,1782554,5134588.55,582.0,2.88,EQ
12-09-2023,2.9,3.15,2.8,2.85,2.85,4.2,2.4,4535535,13324315.0,860.0,2.94,EQ
13-09-2023,2.85,2.9,2.8,2.8,2.8,4.2,2.4,887044,2504188.9,384.0,2.82,EQ
14-09-2023,2.8,2.9,2.8,2.8,2.85,4.2,2.4,790109,2233277.8,284.0,2.83,EQ
15-09-2023,2.85,2.9,2.8,2.85,2.85,4.2,2.4,934784,2672132.5,421.0,2.86,EQ
18-09-2023,2.85,2.9,2.8,2.85,2.85,4.2,2.4,534451,1513143.4,401.0,2.83,EQ
20-09-2023,2.85,2.85,2.75,2.8,2.8,4.2,2.4,1094460,3065728.45,521.0,2.8,EQ
21-09-2023,2.75,2.8,2.75,2.75,2.75,4.2,2.4,417885,1155671.95,241.0,2.77,EQ
22-09-2023,2.75,2.8,2.75,2.75,2.8,4.2,2.4,612923,1689501.8,268.0,2.76,EQ
25-09-2023,2.8,2.8,2.7,2.7,2.7,4.2,2.4,679134,1867094.9,309.0,2.75,EQ
26-09-2023,2.75,2.75,2.7,2.7,2.75,4.2,2.4,479846,1299516.95,273.0,2.71,EQ
27-09-2023,2.7,2.8,2.7,2.75,2.75,4.2,2.4,792066,2160495.5,255.0,2.73,EQ
28-09-2023,2.75,2.8,2.7,2.7,2.75,4.2,2.4,227187,623309.95,224.0,2.74,EQ
29-09-2023,2.75,2.75,2.7,2.7,2.75,4.2,2.4,228591,622165.35,188.0,2.72,EQ
03-10-2023,2.75,2.75,2.65,2.7,2.7,4.2,2.4,417208,1127959.05,308.0,2.7,EQ
04-10-2023,2.7,2.7,2.65,2.7,2.7,4.2,2.4,262569,704606.25,265.0,2.68,EQ
05-10-2023,2.7,2.85,2.65,2.8,2.8,4.2,2.4,1309687,3596481.25,493.0,2.75,EQ
06-10-2023,2.8,2.85,2.75,2.8,2.75,4.2,2.4,743489,2085001.0,337.0,2.8,EQ
09-10-2023,2.75,3.05,2.7,2.9,2.9,4.2,2.4,4023198,11549796.65,1012.0,2.87,EQ
10-10-2023,2.95,3.0,2.85,2.9,2.9,4.2,2.4,1211280,3548282.45,343.0,2.93,EQ
11-10-2023,2.95,3.0,2.9,3.0,3.0,4.2,2.4,1124409,3339492.2,599.0,2.97,EQ
12-10-2023,3.0,3.1,2.95,3.0,3.0,4.2,2.4,1350037,4051889.0,535.0,3.0,EQ
13-10-2023,3.0,3.0,2.85,2.9,2.9,4.2,2.4,2359633,6915247.2,528.0,2.93,EQ
16-10-2023,2.95,3.0,2.85,2.9,2.9,4.2,2.4,1856539,5420684.85,568.0,2.92,EQ
17-10-2023,2.9,3.0,2.8,2.8,2.8,4.2,2.4,1257672,3589495.5,596.0,2.85,EQ
18-10-2023,2.85,2.85,2.75,2.8,2.8,4.2,2.4,1619981,4539525.5,456.0,2.8,EQ
19-10-2023,2.85,2.85,2.75,2.8,2.8,4.2,2.4,886674,2478747.5,337.0,2.8,EQ
20-10-2023,2.85,2.85,2.75,2.8,2.8,4.2,2.4,591895,1652572.45,288.0,2.79,EQ
23-10-2023,2.85,2.9,2.65,2.7,2.65,4.2,2.4,2004811,5486579.2,707.0,2.74,EQ
25-10-2023,2.7,2.75,2.6,2.65,2.65,4.2,2.4,788335,2103923.7,477.0,2.67,EQ
26-10-2023,2.65,2.7,2.55,2.65,2.7,4.2,2.4,1000628,2602605.9,548.0,2.6,EQ
27-10-2023,2.65,2.85,2.6,2.75,2.75,4.2,2.4,1351559,3725898.2,437.0,2.76,EQ
30-10-2023,2.7,2.75,2.6,2.6,2.6,4.2,2.4,3517489,9344043.1,862.0,2.66,EQ
31-10-2023,2.6,2.7,2.6,2.65,2.65,4.2,2.4,1155525,3056812.4,328.0,2.65,EQ
01-11-2023,2.65,2.65,2.6,2.6,2.65,4.2,2.4,572610,1508771.65,214.0,2.63,EQ
02-11-2023,2.65,2.7,2.6,2.65,2.7,4.2,2.4,1542200,4081104.2,299.0,2.65,EQ
03-11-2023,2.7,2.75,2.65,2.7,2.65,4.2,2.4,511012,1374773.35,268.0,2.69,EQ
06-11-2023,2.7,2.7,2.65,2.7,2.65,4.2,2.4,464547,1241366.8,270.0,2.67,EQ
07-11-2023,2.7,2.7,2.65,2.65,2.65,4.2,2.4,406365,1083317.7,229.0,2.67,EQ
08-11-2023,2.7,2.75,2.65,2.75,2.7,4.2,2.4,1173979,3167667.9,349.0,2.7,EQ
09-11-2023,2.75,2.75,2.7,2.75,2.7,4.2,2.4,539595,1469870.6,278.0,2.72,EQ
10-11-2023,2.7,2.8,2.7,2.8,2.8,4.2,2.4,1606244,4423787.7,406.0,2.75,EQ
12-11-2023,2.85,2.9,2.8,2.8,2.85,4.2,2.4,1046710,2978935.3,402.0,2.85,EQ
13-11-2023,2.85,2.9,2.8,2.9,2.9,4.2,2.4,996478,2852125.55,408.0,2.86,EQ
15-11-2023,2.9,3.3,2.9,3.2,3.25,4.2,2.4,10459263,32454422.45,2136.0,3.1,EQ
16-11-2023,3.3,3.5,3.25,3.35,3.35,4.2,2.4,8033471,27023934.25,2185.0,3.36,EQ
17-11-2023,3.4,3.45,3.25,3.3,3.3,4.2,2.4,6876475,23083183.3,2016.0,3.36,EQ
20-11-2023,3.35,3.4,3.2,3.3,3.25,4.2,2.4,4022865,13284881.95,1161.0,3.3,EQ
21-11-2023,3.35,3.35,3.1,3.15,3.15,4.2,2.4,2937892,9413255.1,797.0,3.2,EQ
22-11-2023,3.1,3.15,2.95,3.05,3.05,4.2,2.4,3263984,9919460.6,909.0,3.04,EQ
23-11-2023,3.05,3.1,3.0,3.05,3.05,4.2,2.4,785875,2404067.15,474.0,3.06,EQ
24-11-2023,3.05,3.1,2.9,2.95,2.9,4.2,2.4,2134067,6373648.55,947.0,2.99,EQ
28-11-2023,2.95,3.3,2.95,3.25,3.25,4.2,2.4,5520108,17675817.2,2165.0,3.2,EQ
29-11-2023,3.35,3.5,3.3,3.3,3.35,4.2,2.4,5540286,18592695.45,1635.0,3.36,EQ
30-11-2023,3.35,3.45,3.25,3.25,3.3,4.2,2.4,2394690,7937631.85,979.0,3.31,EQ
01-12-2023,3.35,3.45,3.25,3.35,3.35,4.2,2.4,5526389,18538889.6,1073.0,3.35,EQ
04-12-2023,3.4,3.6,3.1,3.2,3.15,4.2,2.4,8776527,28913528.1,1655.0,3.29,EQ
05-12-2023,3.2,3.25,3.15,3.2,3.25,4.2,2.4,2499607,8003007.7,882.0,3.2,EQ
06-12-2023,3.25,3.3,3.15,3.2,3.25,4.2,2.4,3029150,9739422.8,988.0,3.22,EQ
07-12-2023,3.25,3.35,3.15,3.3,3.3,4.2,2.4,1825185,5894241.8,872.0,3.23,EQ
08-12-2023,3.35,3.35,3.2,3.25,3.25,4.2,2.4,1573280,5121901.8,812.0,3.26,EQ
11-12-2023,3.3,3.3,3.2,3.25,3.25,4.2,2.4,1520995,4968038.0,1090.0,3.27,EQ
12-12-2023,3.3,3.45,3.25,3.3,3.35,4.2,2.4,2903500,9742246.0,1102.0,3.36,EQ
13-12-2023,3.4,3.45,3.3,3.3,3.35,4.2,2.4,2155811,7180930.05,745.0,3.33,EQ
14-12-2023,3.4,3.4,3.3,3.3,3.35,4.2,2.4,1031582,3433063.4,638.0,3.33,EQ
15-12-2023,3.3,3.4,3.2,3.3,3.35,4.2,2.4,2774750,9204907.8,728.0,3.32,EQ
18-12-2023,3.35,3.4,3.3,3.3,3.3,4.2,2.4,1623351,5440810.55,769.0,3.35,EQ
19-12-2023,3.3,3.4,3.3,3.35,3.4,4.2,2.4,1258022,4225320.25,686.0,3.36,EQ
20-12-2023,3.4,4.0,3.35,3.65,3.7,4.2,2.4,31686866,118744111.95,5745.0,3.75,EQ
21-12-2023,3.65,4.1,3.5,3.85,3.9,4.2,2.4,6529030,25410593.45,3292.0,3.89,EQ
22-12-2023,3.9,4.6,3.9,4.6,4.6,4.6,2.4,15550612,68852443.9,4835.0,4.43,EQ
26-12-2023,5.1,5.5,4.85,5.25,5.3,5.5,2.4,32068568,170743927.15,13779.0,5.32,EQ
27-12-2023,5.5,5.5,4.75,4.75,4.75,5.5,2.4,15939472,77847284.4,7377.0,4.88,EQ
28-12-2023,4.6,4.9,4.55,4.55,4.55,5.5,2.4,1472498,6777935.55,1382.0,4.6,BE
29-12-2023,4.35,4.5,4.35,4.35,4.35,5.5,2.4,636644,2771219.65,1053.0,4.35,BE
01-01-2024,4.15,4.25,4.15,4.15,4.15,5.5,2.4,1214675,5041162.5,1701.0,4.15,BE
02-01-2024,4.15,4.35,4.15,4.35,4.35,5.5,2.4,2243953,9708872.05,1412.0,4.33,BE
03-01-2024,4.55,4.55,4.55,4.55,4.55,5.5,2.4,881017,4008627.35,457.0,4.55,BE
04-01-2024,4.75,4.75,4.75,4.75,4.75,5.5,2.4,1372432,6519052.0,1100.0,4.75,BE
05-01-2024,4.95,4.95,4.8,4.9,4.95,5.5,2.4,2355050,11608852.75,2249.0,4.93,BE
08-01-2024,5.1,5.1,5.0,5.1,5.1,5.5,2.4,1908251,9726419.25,2168.0,5.1,BE
09-01-2024,5.0,5.0,5.0,5.0,5.0,5.5,2.4,301200,1506000.0,381.0,5.0,BE
10-01-2024,4.9,4.9,4.9,4.9,4.9,5.5,2.4,330975,1621777.5,261.0,4.9,BE
11-01-2024,4.8,4.8,4.8,4.8,4.8,5.5,2.4,195246,937180.8,254.0,4.8,BE
12-01-2024,4.7,4.7,4.7,4.7,4.7,5.5,2.4,186297,875595.9,278.0,4.7,BE
15-01-2024,4.6,4.6,4.6,4.6,4.6,5.5,2.4,514118,2364942.8,571.0,4.6,BE
16-01-2024,4.5,4.5,4.5,4.5,4.5,5.5,2.4,823952,3707784.0,581.0,4.5,BE
17-01-2024,4.45,4.45,4.45,4.45,4.45,5.5,2.4,199376,887223.2,304.0,4.45,BE
18-01-2024,4.4,4.4,4.4,4.4,4.4,5.5,2.4,233943,1029349.2,214.0,4.4,BE
19-01-2024,4.45,4.45,4.45,4.45,4.45,5.5,2.4,1262507,5618156.15,650.0,4.45,BE
20-01-2024,4.45,4.45,4.4,4.4,4.4,5.5,2.4,375078,1658398.5,382.0,4.42,BE
23-01-2024,4.35,4.35,4.35,4.35,4.35,5.5,2.4,143629,624786.15,222.0,4.35,BE
24-01-2024,4.3,4.3,4.3,4.3,4.3,5.5,2.4,248630,1069109.0,201.0,4.3,BE
25-01-2024,4.25,4.25,4.25,4.25,4.25,5.5,2.4,93155,395908.75,234.0,4.25,BE
29-01-2024,4.2,4.2,4.2,4.2,4.2,5.5,2.4,216682,910064.4,278.0,4.2,BE
30-01-2024,4.15,4.15,4.15,4.15,4.15,5.5,2.4,318868,1323302.2,381.0,4.15,BE
31-01-2024,4.1,4.1,4.1,4.1,4.1,5.5,2.4,623882,2557916.2,367.0,4.1,BE
01-02-2024,4.05,4.05,4.05,4.05,4.05,5.5,2.4,537782,2178017.1,296.0,4.05,BE
02-02-2024,4.0,4.05,4.0,4.05,4.05,5.5,2.4,1234411,4943595.05,605.0,4.0,BE
05-02-2024,4.0,4.0,4.0,4.0,4.0,5.5,2.4,320613,1282452.0,354.0,4.0,BE
06-02-2024,3.95,3.95,3.95,3.95,3.95,5.5,2.4,417148,1647734.6,486.0,3.95,BE
07-02-2024,3.9,3.9,3.9,3.9,3.9,5.5,2.4,271848,1060207.2,417.0,3.9,BE
08-02-2024,3.85,3.85,3.85,3.85,3.85,5.5,2.4,161827,623033.95,389.0,3.85,BE
09-02-2024,3.8,3.8,3.8,3.8,3.8,5.5,2.4,204555,777309.0,262.0,3.8,BE
12-02-2024,3.75,3.75,3.75,3.75,3.75,5.5,2.4,168157,630588.75,218.0,3.75,BE
13-02-2024,3.7,3.7,3.7,3.7,3.7,5.5,2.4,137483,508687.1,142.0,3.7,BE
14-02-2024,3.65,3.65,3.65,3.65,3.65,5.5,2.4,185469,676961.85,172.0,3.65,BE
15-02-2024,3.6,3.6,3.6,3.6,3.6,5.5,2.4,179616,646617.6,208.0,3.6,BE
16-02-2024,3.55,3.55,3.55,3.55,3.55,5.5,2.4,315136,1118732.8,254.0,3.55,BE
19-02-2024,3.55,3.7,3.45,3.7,3.7,5.5,2.4,650022,2386984.1,680.0,3.67,BE
20-02-2024,3.85,3.85,3.8,3.85,3.85,5.5,2.4,3678480,14145864.65,2166.0,3.85,BE
21-02-2024,3.85,4.0,3.65,3.65,3.65,5.5,2.4,1108688,4169343.15,1324.0,3.76,BE
22-02-2024,3.7,3.8,3.5,3.8,3.8,5.5,2.4,1357491,4915445.15,1339.0,3.62,BE
23-02-2024,3.8,3.95,3.8,3.9,3.95,5.5,2.4,1290209,5051256.2,1378.0,3.92,BE
26-02-2024,3.95,3.95,3.7,3.8,3.9,5.5,2.4,764896,2910884.65,1554.0,3.81,BE
27-02-2024,3.9,3.9,3.7,3.75,3.8,5.5,2.4,831950,3127974.6,899.0,3.76,BE
28-02-2024,3.8,3.8,3.7,3.7,3.75,5.5,2.4,974315,3612647.3,851.0,3.71,BE
29-02-2024,3.65,3.85,3.65,3.85,3.85,5.5,2.4,803756,3031149.15,423.0,3.77,BE
01-03-2024,3.9,4.0,3.85,4.0,4.0,5.5,2.4,751542,2982050.55,1217.0,3.97,BE
02-03-2024,4.1,4.15,3.9,4.05,4.1,5.5,2.4,242104,984820.95,698.0,4.07,BE
04-03-2024,4.15,4.2,3.85,4.0,3.9,5.5,2.4,713427,2887463.85,1535.0,4.05,BE
05-03-2024,4.1,4.15,3.8,3.8,3.85,5.5,2.4,710664,2748974.35,1156.0,3.87,BE
06-03-2024,3.9,3.9,3.65,3.65,3.65,5.5,2.4,342166,1260703.8,990.0,3.68,BE
07-03-2024,3.7,3.75,3.5,3.6,3.75,5.5,2.4,871378,3085227.15,1399.0,3.54,BE
11-03-2024,3.7,3.75,3.45,3.5,3.5,5.5,2.4,502978,1837203.85,1474.0,3.65,BE
12-03-2024,3.5,3.5,3.35,3.35,3.35,5.5,2.4,411992,1391068.55,855.0,3.38,BE
13-03-2024,3.2,3.2,3.2,3.2,3.2,5.5,2.4,232854,745132.8,628.0,3.2,BE
14-03-2024,3.05,3.35,3.05,3.1,3.15,5.5,2.4,1430153,4426130.95,1195.0,3.09,BE
15-03-2024,3.15,3.15,3.0,3.05,3.1,5.5,2.4,834038,2558759.9,833.0,3.07,BE
18-03-2024,3.1,3.1,2.95,3.05,3.1,5.5,2.4,583487,1779059.05,948.0,3.05,BE
19-03-2024,3.05,3.1,2.9,2.95,3.0,5.5,2.4,698399,2103912.3,805.0,3.01,BE
20-03-2024,3.0,3.05,2.9,3.0,3.0,5.5,2.4,702422,2105401.1,644.0,3.0,BE
21-03-2024,3.05,3.15,3.0,3.1,3.15,5.5,2.4,500742,1565822.4,666.0,3.13,BE
22-03-2024,3.2,3.25,3.0,3.25,3.25,5.5,2.4,290640,930675.85,511.0,3.2,BE
26-03-2024,3.4,3.4,3.1,3.2,3.2,5.5,2.4,1404258,4607321.9,1000.0,3.28,BE
27-03-2024,3.2,3.2,3.05,3.05,3.05,5.5,2.4,988664,3038705.3,722.0,3.07,BE
28-03-2024,3.1,3.1,2.95,2.95,3.05,5.5,2.4,629093,1898344.7,818.0,3.02,BE
01-04-2024,3.15,3.2,3.1,3.2,3.2,5.5,2.4,621125,1983918.0,503.0,3.19,EQ
02-04-2024,3.45,3.5,3.3,3.45,3.4,5.5,2.4,3023975,10334840.6,1255.0,3.42,EQ
03-04-2024,3.45,3.5,3.35,3.5,3.5,5.5,2.4,1490706,5098150.9,1194.0,3.42,EQ
04-04-2024,3.5,3.6,3.45,3.5,3.5,5.5,2.4,1853125,6527270.2,1221.0,3.52,EQ
05-04-2024,3.5,3.65,3.45,3.55,3.6,5.5,2.4,756376,2697672.2,800.0,3.57,EQ
08-04-2024,3.65,3.9,3.55,3.85,3.9,5.5,2.4,6161360,23832290.15,2304.0,3.87,EQ
09-04-2024,3.9,4.2,3.85,4.0,4.05,5.5,2.4,6937596,28361876.4,2175.0,4.09,EQ
10-04-2024,4.0,4.15,3.65,3.8,3.85,5.5,2.4,2919146,11223919.15,2476.0,3.84,EQ
12-04-2024,3.8,3.8,3.55,3.7,3.7,5.5,2.4,1448647,5334581.1,1155.0,3.68,EQ
15-04-2024,3.6,3.75,3.4,3.6,3.65,5.5,2.45,1947814,7005775.6,1395.0,3.6,EQ
16-04-2024,3.6,3.8,3.45,3.65,3.6,5.5,2.45,2045809,7495333.6,1005.0,3.66,EQ
18-04-2024,3.65,3.8,3.6,3.65,3.65,5.5,2.45,2284494,8469357.55,1104.0,3.71,EQ
19-04-2024,3.6,3.75,3.45,3.65,3.7,5.5,2.45,2297048,8268406.15,930.0,3.6,EQ
22-04-2024,3.75,3.75,3.6,3.7,3.7,5.5,2.45,1357308,4988450.85,1116.0,3.68,EQ
23-04-2024,3.7,3.7,3.6,3.6,3.65,5.5,2.45,980653,3570275.1,945.0,3.64,EQ
24-04-2024,3.6,3.65,3.55,3.55,3.6,5.5,2.45,891954,3202416.4,897.0,3.59,EQ
25-04-2024,3.55,3.6,3.5,3.55,3.55,5.5,2.45,675597,2395164.95,858.0,3.55,EQ
26-04-2024,3.55,3.9,3.5,3.8,3.75,5.5,2.45,3024301,11272019.6,1549.0,3.73,EQ
29-04-2024,3.85,3.9,3.7,3.75,3.8,5.5,2.5,828401,3153189.85,1613.0,3.81,EQ
30-04-2024,3.8,4.05,3.7,4.0,4.0,5.5,2.5,4728659,18701723.5,2149.0,3.95,EQ
02-05-2024,4.1,4.4,4.0,4.2,4.15,5.5,2.5,13004258,55075324.15,4442.0,4.24,EQ
03-05-2024,4.2,4.2,3.95,4.05,4.0,5.5,2.5,4088299,16575056.45,2187.0,4.05,EQ
06-05-2024,4.1,4.1,3.85,3.9,3.9,5.5,2.5,2142195,8492693.75,1548.0,3.96,EQ
07-05-2024,3.9,3.95,3.55,3.85,3.95,5.5,2.5,2660178,9896505.25,1534.0,3.72,EQ
08-05-2024,3.95,4.1,3.9,4.0,4.0,5.5,2.5,929463,3696557.8,1022.0,3.98,EQ
09-05-2024,4.0,4.05,3.8,3.8,3.8,5.5,2.5,1015072,3940186.15,997.0,3.88,EQ
10-05-2024,3.9,3.9,3.75,3.8,3.8,5.5,2.5,742295,2851007.95,853.0,3.84,EQ
13-05-2024,3.85,3.85,3.6,3.65,3.7,5.5,2.5,996035,3713578.35,1403.0,3.73,EQ
14-05-2024,3.7,3.8,3.65,3.75,3.75,5.5,2.5,1729850,6513173.95,1154.0,3.77,EQ
15-05-2024,3.8,3.8,3.7,3.7,3.75,5.5,2.5,780791,2927618.55,924.0,3.75,EQ
16-05-2024,3.8,3.9,3.75,3.8,3.8,5.5,2.5,715509,2721301.2,842.0,3.8,EQ
17-05-2024,3.85,3.9,3.75,3.8,3.85,5.5,2.5,1035111,3951120.9,1146.0,3.82,EQ
18-05-2024,3.95,3.95,3.8,3.9,3.9,5.5,2.5,186251,720654.45,445.0,3.87,EQ
21-05-2024,3.9,3.95,3.85,3.9,3.9,5.5,2.5,969024,3770732.75,1484.0,3.89,EQ
22-05-2024,3.95,4.0,3.85,3.95,4.0,5.5,2.5,1956824,7686639.05,1325.0,3.93,EQ
23-05-2024,3.95,4.0,3.9,3.95,3.9,5.5,2.5,791726,3130293.7,1079.0,3.95,EQ
24-05-2024,3.95,4.0,3.8,3.8,3.85,5.5,2.5,1833005,7085742.8,1161.0,3.87,EQ
27-05-2024,3.85,4.15,3.7,4.15,4.15,5.5,2.5,4832878,19316963.35,2073.0,4.0,EQ
28-05-2024,4.2,4.45,4.0,4.3,4.3,5.5,2.5,5680078,24224815.5,2519.0,4.26,EQ
29-05-2024,4.25,4.3,4.1,4.2,4.2,5.5,2.5,2034575,8596510.8,1189.0,4.23,EQ
30-05-2024,4.2,4.5,4.1,4.35,4.35,5.5,2.5,4994371,21811024.45,2151.0,4.37,EQ
31-05-2024,4.4,4.6,4.4,4.4,4.45,5.5,2.5,2945588,13138018.8,2014.0,4.46,EQ
03-06-2024,4.55,4.6,4.4,4.4,4.4,5.5,2.5,2615764,11710377.75,2550.0,4.48,EQ
04-06-2024,4.45,4.5,4.0,4.0,4.0,5.5,2.5,4833763,19595315.85,2331.0,4.05,EQ
05-06-2024,3.9,4.2,3.65,4.05,4.1,5.5,2.5,3025476,11827511.95,2004.0,3.91,EQ
06-06-2024,4.15,4.15,4.0,4.05,4.1,5.5,2.5,1396355,5717685.65,1358.0,4.09,EQ
07-06-2024,4.1,4.15,4.0,4.05,4.1,5.5,2.5,1113398,4554196.4,998.0,4.09,EQ
10-06-2024,4.05,4.19,3.97,4.12,4.13,5.5,2.55,1282313,5192885.75,1510.0,4.05,EQ
11-06-2024,4.19,4.29,4.0,4.16,4.17,5.5,2.55,1728607,7182877.31,1880.0,4.16,EQ
12-06-2024,4.19,4.26,4.12,4.17,4.18,5.5,2.55,770411,3226047.29,1899.0,4.19,EQ
13-06-2024,4.25,4.37,4.1,4.15,4.17,5.5,2.55,734465,3057335.77,1601.0,4.16,EQ
14-06-2024,4.18,4.21,4.09,4.14,4.15,5.5,2.55,530666,2205052.34,1482.0,4.16,EQ
18-06-2024,4.2,4.27,4.1,4.12,4.1,5.5,2.55,645217,2681802.0,1408.0,4.16,EQ
19-06-2024,4.12,4.51,3.72,4.11,4.11,5.5,2.55,2308959,9734293.86,2651.0,4.22,EQ
20-06-2024,4.12,4.23,4.11,4.13,4.13,5.5,2.55,953596,3991715.97,1962.0,4.19,EQ
21-06-2024,4.19,4.19,4.05,4.06,4.05,5.5,2.55,715739,2939596.23,1507.0,4.11,EQ
24-06-2024,4.11,4.11,3.97,4.04,4.06,5.5,2.55,773697,3128107.12,1704.0,4.04,EQ
25-06-2024,4.04,4.1,3.97,3.99,3.99,5.5,2.55,659722,2660444.35,1325.0,4.03,EQ
26-06-2024,4.0,4.08,3.9,3.99,3.99,5.5,2.55,1127527,4536301.58,1384.0,4.02,EQ
27-06-2024,4.09,4.09,3.9,3.97,3.98,5.5,2.55,1015934,4058600.85,1337.0,3.99,EQ
28-06-2024,4.03,4.05,3.96,3.98,3.99,5.5,2.55,605726,2420318.65,1190.0,4.0,EQ
01-07-2024,4.01,4.04,3.95,3.97,3.99,5.5,2.55,902547,3607256.47,1852.0,4.0,EQ
02-07-2024,4.0,4.01,3.72,3.94,3.95,5.5,2.55,769465,3037177.28,1476.0,3.95,EQ
03-07-2024,4.0,4.04,3.9,3.93,3.96,5.5,2.55,1217799,4832815.14,1717.0,3.97,EQ
04-07-2024,3.98,4.06,3.93,4.04,4.05,5.5,2.55,1354794,5427726.87,2300.0,4.01,EQ
05-07-2024,4.03,4.27,4.03,4.16,4.17,5.5,2.55,2412076,10080722.31,2515.0,4.18,EQ
08-07-2024,4.26,4.36,4.03,4.32,4.35,5.5,2.55,2182929,9324279.7,3006.0,4.27,EQ
09-07-2024,4.4,4.56,4.39,4.49,4.49,5.5,2.55,4614493,20649759.44,2978.0,4.47,EQ
10-07-2024,4.5,4.56,4.24,4.31,4.37,5.5,2.55,1363049,5953969.98,1798.0,4.37,EQ
11-07-2024,4.29,4.68,4.2,4.62,4.6,5.5,2.55,3661791,16525308.4,4203.0,4.51,EQ
12-07-2024,4.75,4.75,4.41,4.53,4.53,5.5,2.55,2128685,9790219.98,2232.0,4.6,EQ
15-07-2024,4.49,4.6,4.43,4.53,4.52,5.5,2.55,1287055,5792844.62,2836.0,4.5,EQ
16-07-2024,4.62,4.62,4.52,4.57,4.59,5.5,2.55,948743,4329762.36,1555.0,4.56,EQ
18-07-2024,4.59,4.7,4.53,4.58,4.59,5.5,2.55,1492891,6832716.34,2095.0,4.58,EQ
19-07-2024,4.7,4.7,4.5,4.58,4.61,5.5,2.55,1315298,6011217.36,1700.0,4.57,EQ
22-07-2024,4.6,4.7,4.58,4.61,4.62,5.5,2.55,4420834,20443565.49,2348.0,4.62,EQ
23-07-2024,4.62,4.67,4.51,4.57,4.63,5.5,2.55,936462,4284220.64,1356.0,4.57,EQ
24-07-2024,4.62,5.02,4.55,4.7,4.68,5.5,2.55,9008530,43368280.35,4824.0,4.81,EQ
25-07-2024,4.73,5.01,4.66,4.81,4.84,5.5,2.55,3911671,19199281.54,3889.0,4.91,EQ
26-07-2024,4.9,5.01,4.81,4.88,4.95,5.5,2.55,3760949,18609814.35,3186.0,4.95,EQ
29-07-2024,5.02,5.36,4.89,5.0,5.0,5.5,2.55,20306057,105765249.06,9274.0,5.21,EQ
30-07-2024,5.41,5.5,4.98,5.01,5.09,5.5,2.55,27342873,143978714.05,10890.0,5.27,EQ
31-07-2024,5.24,5.43,4.99,5.06,5.02,5.5,2.55,14713160,76500499.62,10004.0,5.2,EQ
01-08-2024,5.06,5.56,5.06,5.55,5.56,5.56,2.55,25483004,140142852.33,14037.0,5.5,EQ
02-08-2024,5.55,6.1,5.11,6.09,6.1,6.1,2.55,27386908,165772711.16,14065.0,6.05,EQ
05-08-2024,5.99,6.69,5.56,6.69,6.69,6.69,2.55,33377342,209237935.44,27859.0,6.27,EQ
06-08-2024,7.01,7.02,6.9,7.02,7.02,7.02,2.55,4502003,31586763.35,4493.0,7.02,EQ
07-08-2024,7.37,7.37,6.66,6.66,6.66,7.37,2.55,24831118,174101987.46,14316.0,7.01,EQ
08-08-2024,6.32,6.32,6.32,6.32,6.32,7.37,2.55,1141766,7215961.12,1881.0,6.32,BE
09-08-2024,6.0,6.0,6.0,6.0,6.0,7.37,2.55,1363239,8179434.0,1798.0,6.0,BE
12-08-2024,5.7,5.7,5.7,5.7,5.7,7.37,2.55,1227539,6996972.3,1976.0,5.7,BE
13-08-2024,5.41,5.98,5.41,5.98,5.98,7.37,2.55,5015242,27962937.74,2386.0,5.58,BE
14-08-2024,6.27,6.27,5.76,5.88,5.98,7.37,2.55,6644565,40507227.39,5169.0,6.1,BE
16-08-2024,6.0,6.08,5.66,5.72,5.73,7.37,2.55,2212511,12799211.32,3353.0,5.78,BE
19-08-2024,5.7,6.0,5.48,5.99,6.0,7.37,2.55,2899130,17023882.64,3862.0,5.87,BE
20-08-2024,6.1,6.15,5.95,6.04,6.08,7.37,2.55,2767413,16736882.27,2708.0,6.05,BE
21-08-2024,6.06,6.15,5.9,5.99,6.01,7.37,2.55,1646282,9881930.47,2646.0,6.0,BE
22-08-2024,6.2,6.28,6.1,6.28,6.28,7.37,2.55,2565639,15956657.04,2471.0,6.22,BE
23-08-2024,6.4,6.59,6.39,6.59,6.59,7.37,2.55,1943335,12764887.86,1711.0,6.57,BE
26-08-2024,6.8,6.85,6.27,6.74,6.78,7.37,2.55,5148974,34563561.41,5120.0,6.71,BE
27-08-2024,6.6,6.6,6.6,6.6,6.6,7.37,2.55,344676,2274861.6,461.0,6.6,BE
28-08-2024,6.46,6.46,6.46,6.46,6.46,7.37,2.55,159515,1030466.9,329.0,6.46,BE
29-08-2024,6.33,6.33,6.33,6.33,6.33,7.37,2.55,70850,448480.5,271.0,6.33,BE
30-08-2024,6.2,6.2,6.2,6.2,6.2,7.37,2.55,127144,788292.8,307.0,6.2,BE
02-09-2024,6.07,6.07,6.07,6.07,6.07,7.37,2.55,130098,789694.86,360.0,6.07,BE
03-09-2024,5.94,5.94,5.94,5.94,5.94,7.37,2.55,251007,1490981.58,459.0,5.94,BE
04-09-2024,5.82,5.82,5.82,5.82,5.82,7.37,2.55,158150,920433.0,415.0,5.82,BE
05-09-2024,5.7,5.7,5.7,5.7,5.7,7.37,2.55,418699,2386584.3,607.0,5.7,BE
06-09-2024,5.58,5.58,5.58,5.58,5.58,7.37,2.55,296353,1653649.74,554.0,5.58,BE
09-09-2024,5.46,5.46,5.46,5.46,5.46,7.37,2.55,273832,1495122.72,423.0,5.46,BE
10-09-2024,5.35,5.35,5.35,5.35,5.35,7.37,2.55,420971,2252194.85,581.0,5.35,BE
11-09-2024,5.24,5.45,5.24,5.45,5.45,7.37,2.55,973301,5190141.38,929.0,5.33,BE
12-09-2024,5.34,5.35,5.34,5.35,5.35,7.37,2.55,610460,3262854.09,752.0,5.34,BE
13-09-2024,5.33,5.33,5.25,5.25,5.25,7.37,2.55,427903,2271292.06,605.0,5.31,BE
16-09-2024,5.25,5.25,5.22,5.22,5.22,7.37,2.55,408804,2140603.56,574.0,5.24,BE
17-09-2024,5.21,5.21,5.2,5.2,5.2,7.37,2.55,551054,2869568.87,724.0,5.21,BE
18-09-2024,5.19,5.19,5.12,5.12,5.12,7.37,2.55,524942,2689551.25,577.0,5.12,BE
19-09-2024,5.12,5.12,5.01,5.01,5.01,7.37,2.55,514174,2603214.23,495.0,5.06,BE
20-09-2024,4.99,4.99,4.9,4.9,4.9,7.37,2.55,530731,2603233.93,602.0,4.9,BE
23-09-2024,4.99,4.99,4.99,4.99,4.99,7.37,2.55,584607,2917188.93,434.0,4.99,BE
24-09-2024,5.08,5.08,5.08,5.08,5.08,7.37,2.55,125232,636178.56,201.0,5.08,BE
25-09-2024,5.18,5.18,5.18,5.18,5.18,7.37,2.55,181284,939051.12,185.0,5.18,BE
26-09-2024,5.28,5.28,5.28,5.28,5.28,7.37,2.55,739275,3903372.0,366.0,5.28,BE
27-09-2024,5.25,5.26,5.24,5.24,5.24,7.37,2.55,615959,3233904.46,487.0,5.25,BE
30-09-2024,5.24,5.24,5.13,5.14,5.14,7.37,2.55,437247,2260830.85,459.0,5.17,BE
01-10-2024,5.14,5.14,5.11,5.11,5.11,7.37,2.55,218772,1122828.09,408.0,5.13,BE
03-10-2024,5.0,5.0,5.0,5.0,5.0,7.37,2.55,192779,963895.0,452.0,5.0,BE
04-10-2024,5.01,5.01,4.9,4.9,4.9,7.37,2.55,586928,2921223.28,425.0,4.98,BE
07-10-2024,4.8,4.9,4.65,4.65,4.65,7.37,2.55,746304,3492048.11,1287.0,4.68,BE
08-10-2024,4.41,4.88,4.41,4.88,4.88,7.37,2.55,939938,4286811.4,1247.0,4.56,BE
09-10-2024,4.88,5.12,4.8,5.08,5.1,7.37,2.55,1009787,5075694.49,1537.0,5.03,BE
10-10-2024,4.97,5.19,4.9,4.93,4.96,7.37,2.55,696387,3476321.77,1091.0,4.99,BE
11-10-2024,4.96,5.04,4.75,4.79,4.8,7.37,2.55,565923,2753496.92,1949.0,4.87,BE
14-10-2024,4.9,4.98,4.75,4.76,4.83,7.37,2.55,705552,3403413.14,2355.0,4.82,BE
15-10-2024,4.9,4.9,4.6,4.77,4.82,7.37,2.55,476946,2261946.41,2083.0,4.74,BE
16-10-2024,4.8,5.0,4.6,5.0,5.0,7.37,2.55,625536,3088011.55,1844.0,4.94,BE
17-10-2024,5.25,5.25,5.25,5.25,5.25,7.37,2.55,611862,3212275.5,489.0,5.25,BE
18-10-2024,5.51,5.51,5.25,5.44,5.42,7.37,2.55,2455615,13373288.18,4166.0,5.45,BE
21-10-2024,5.5,5.64,5.16,5.16,5.16,7.37,2.55,631655,3349853.32,1601.0,5.3,BE
22-10-2024,4.95,5.14,4.9,4.9,4.9,7.37,2.55,702735,3450945.95,1045.0,4.91,BE
23-10-2024,4.88,4.88,4.65,4.66,4.69,7.37,2.55,885568,4131720.34,2371.0,4.67,BE
24-10-2024,4.66,4.87,4.53,4.72,4.68,7.37,2.55,495214,2334540.6,1830.0,4.71,BE
25-10-2024,4.85,4.85,4.48,4.48,4.48,7.37,2.55,564014,2549220.21,1227.0,4.52,BE
28-10-2024,4.63,4.7,4.48,4.7,4.7,7.37,2.6,477018,2207450.68,793.0,4.63,BE
29-10-2024,4.9,4.93,4.6,4.91,4.93,7.37,2.6,540619,2636345.14,917.0,4.88,BE
30-10-2024,5.06,5.14,4.75,5.09,5.1,7.37,2.6,376580,1906012.62,1853.0,5.06,BE
31-10-2024,5.27,5.28,5.11,5.15,5.15,7.37,2.6,364602,1892764.81,1492.0,5.19,BE
01-11-2024,5.29,5.4,5.15,5.25,5.3,7.37,2.6,375812,1993891.08,877.0,5.31,BE
04-11-2024,5.25,5.3,4.98,5.04,5.01,7.37,2.65,597630,3018674.1,1370.0,5.05,BE
05-11-2024,4.93,4.93,4.93,4.93,4.93,7.37,2.65,166356,820135.08,337.0,4.93,BE
06-11-2024,4.83,4.85,4.83,4.84,4.84,7.37,2.65,301665,1457897.49,479.0,4.83,BE
07-11-2024,4.84,4.88,4.84,4.85,4.85,7.37,2.65,172717,841031.79,395.0,4.87,BE
08-11-2024,4.84,4.84,4.75,4.77,4.77,7.37,2.65,171731,819181.18,395.0,4.77,BE
11-11-2024,4.68,4.68,4.67,4.67,4.67,7.37,2.8,276272,1290623.55,429.0,4.67,BE
12-11-2024,4.67,4.67,4.57,4.57,4.57,7.37,2.8,116622,537014.01,316.0,4.6,BE
13-11-2024,4.47,4.47,4.47,4.47,4.47,7.37,2.8,169554,757906.38,286.0,4.47,BE
14-11-2024,4.38,4.38,4.38,4.38,4.38,7.37,2.8,167962,735673.56,296.0,4.38,BE
18-11-2024,4.29,4.29,4.29,4.29,4.29,7.37,2.9,146521,628575.09,342.0,4.29,BE
19-11-2024,4.29,4.29,4.2,4.2,4.2,7.37,2.9,279656,1191713.12,426.0,4.26,BE
21-11-2024,4.11,4.11,4.11,4.11,4.11,7.37,2.9,588344,2418093.84,460.0,4.11,BE
22-11-2024,4.05,4.05,4.02,4.02,4.02,7.37,2.9,209277,845139.41,354.0,4.04,BE
25-11-2024,4.1,4.1,4.1,4.1,4.1,7.37,2.9,68449,280640.9,180.0,4.1,BE
26-11-2024,4.18,4.18,4.18,4.18,4.18,7.37,2.9,45428,189889.04,143.0,4.18,BE
27-11-2024,4.26,4.26,4.26,4.26,4.26,7.37,2.9,51556,219628.56,158.0,4.26,BE
28-11-2024,4.34,4.34,4.34,4.34,4.34,7.37,2.9,236018,1024318.12,258.0,4.34,BE
29-11-2024,4.42,4.42,4.42,4.42,4.42,7.37,2.9,28105,124224.1,89.0,4.42,BE
02-12-2024,4.5,4.5,4.44,4.5,4.5,7.37,2.9,532616,2376276.9,444.0,4.46,BE
03-12-2024,4.5,4.5,4.5,4.5,4.5,7.37,2.9,325952,1466784.0,448.0,4.5,BE
04-12-2024,4.51,4.51,4.46,4.46,4.46,7.37,2.9,282538,1262648.03,487.0,4.47,BE
05-12-2024,4.41,4.41,4.37,4.37,4.37,7.37,2.9,202899,890821.83,411.0,4.39,BE
06-12-2024,4.37,4.37,4.29,4.29,4.29,7.37,2.9,553759,2398264.33,433.0,4.33,BE
09-12-2024,4.22,4.5,4.22,4.5,4.5,7.37,2.9,472706,2103391.63,1118.0,4.45,BE
10-12-2024,4.69,4.72,4.66,4.72,4.72,7.37,2.9,622584,2937763.08,947.0,4.72,BE
11-12-2024,4.8,4.8,4.48,4.53,4.55,7.37,2.9,834784,3840478.05,1327.0,4.6,BE
12-12-2024,4.51,4.55,4.3,4.3,4.3,7.37,2.9,486619,2120792.61,1000.0,4.36,BE
13-12-2024,4.2,4.45,4.16,4.31,4.33,7.37,2.9,756975,3213173.72,1041.0,4.24,BE
16-12-2024,4.32,4.42,4.27,4.31,4.33,7.37,2.9,525712,2283486.54,1179.0,4.34,BE
17-12-2024,4.31,4.44,4.15,4.21,4.25,7.37,2.9,621742,2640287.89,1025.0,4.25,BE
18-12-2024,4.21,4.42,4.2,4.42,4.42,7.37,2.9,545352,2330968.35,912.0,4.27,BE
19-12-2024,4.54,4.59,4.3,4.46,4.49,7.37,2.9,506367,2260469.4,1002.0,4.46,BE
20-12-2024,4.52,4.64,4.24,4.29,4.33,7.37,2.9,425063,1890825.8,1054.0,4.45,BE
23-12-2024,4.4,4.5,4.11,4.16,4.18,7.37,2.9,598376,2556826.19,1830.0,4.27,EQ
24-12-2024,4.23,4.33,4.11,4.19,4.25,7.37,2.9,400768,1688487.05,1600.0,4.21,EQ
26-12-2024,4.25,4.39,4.13,4.39,4.39,7.37,2.9,606265,2638048.97,1364.0,4.35,EQ
27-12-2024,4.4,4.6,4.36,4.56,4.57,7.37,2.9,1206704,5396206.41,2316.0,4.47,EQ
